1.311004515214729604e+00
1.306404482447794058e+00
1.301611617903347451e+00
1.296969598924086808e+00
1.292470522058250193e+00
1.288107075417748826e+00
1.281513269241175035e+00
1.276000305598144369e+00
1.270236649161814224e+00
1.264577431894605697e+00
1.259117876830131877e+00
1.253846857088252387e+00
1.248620268704557335e+00
1.243714163469196388e+00
1.240577392572764781e+00
1.237524805609151901e+00
1.234629817178734434e+00
1.232056087670182265e+00
1.229346305579208876e+00
1.226700213098913084e+00
1.224123307609431333e+00
1.221707675874041721e+00
1.219440799525993047e+00
1.217133075562211841e+00
1.214639860951485240e+00
1.212487664368604445e+00
1.210609281463992604e+00
1.208769507523508535e+00
1.206967210913447275e+00
1.206156096294507263e+00
1.206109834219863286e+00
1.206064221193313468e+00
1.206019243085460602e+00
1.205670229325083831e+00
1.204962119572340118e+00
1.204346760342780209e+00
1.203776068696382762e+00
1.203211115759100336e+00
1.202653261613342739e+00
1.202143606649391350e+00
1.201741980371309637e+00
1.201246702398582000e+00
1.200702199403180126e+00
1.201630682135167216e+00
1.203217724101586006e+00
1.204798187268620868e+00
1.205264012310547139e+00
1.205860670250553213e+00
1.206488847984490853e+00
1.207114711710249200e+00
1.208053432619373924e+00
1.209001584506942173e+00
1.209944295318668095e+00
1.210538308458456003e+00
1.211037478323633731e+00
1.211535112486666010e+00
1.212031657741490021e+00
1.213834392418156050e+00
1.216034516453052827e+00
1.217442816531052685e+00
1.218961748127052047e+00
1.220848822477043738e+00
1.222736547333635571e+00
1.224624745869830944e+00
1.226513245599127000e+00
1.228412990555411755e+00
1.230324643883586866e+00
1.231599785485313792e+00
1.232632482337109092e+00
1.233665678376241415e+00
1.234711761273469488e+00
1.237372106728490628e+00
1.239579103298806162e+00
1.242081520451705723e+00
1.244593569611102568e+00
1.247114946934873236e+00
1.249647837043136533e+00
1.252193841124380036e+00
1.254784080759227427e+00
1.257402666946505487e+00
1.259280546512885790e+00
1.260897104141040836e+00
1.262519040915343060e+00
1.264146221391546199e+00
1.267288187946856715e+00
1.270582531226697398e+00
1.273902459563356571e+00
1.277247678059465041e+00
1.280617975016340004e+00
1.282716985943934240e+00
1.284817573399518409e+00
1.287179880619887751e+00
1.290203592328264648e+00
1.292613071550254400e+00
1.294571733409552339e+00
1.296540845155231603e+00
1.298929673888597813e+00
1.301659898047273556e+00
1.304251006299206539e+00
1.306510479042077622e+00
1.308785346343574130e+00
1.311107198580362176e+00
1.313646995781340365e+00
