4.495003012739401242e-04
4.810334300925965339e-04
5.146196848311434136e-04
5.504318986738317371e-04
5.886203331732048306e-04
6.293458178996532912e-04
6.719401848690794571e-04
7.177702659454757725e-04
7.664916629977884012e-04
8.184485429110555706e-04
8.739120596950108880e-04
9.331329433081820375e-04
9.963607824473863506e-04
1.064002507024079495e-03
1.136979249448877988e-03
1.214960173469684102e-03
1.297238301648123617e-03
1.382707342333029275e-03
1.473414290422610153e-03
1.569788759842471624e-03
1.672314106634056451e-03
1.783320741649017287e-03
1.903737970740525254e-03
2.031524855275302233e-03
2.165490604236757367e-03
2.310341863021970338e-03
2.466810530242840357e-03
2.634056326983600857e-03
2.812849130289271637e-03
2.997428143246462767e-03
3.187911340967091670e-03
3.389637402182152631e-03
3.603231204851702150e-03
3.835501314061539636e-03
4.090398911350970682e-03
4.354156392834675898e-03
4.630320440329087697e-03
4.927788779136991690e-03
5.254334481943206091e-03
5.602738849167347018e-03
5.974490775259235116e-03
6.368199621141296986e-03
6.786992211358375618e-03
7.212122962238135156e-03
7.651048502281279640e-03
8.113341151664160006e-03
8.638744939729244357e-03
9.191990453518426515e-03
9.777981610571860258e-03
1.039997368824604855e-02
1.104338713824016063e-02
1.172294685579971900e-02
1.244128690472159730e-02
1.319638084730801776e-02
1.401670926503199854e-02
1.490949329177134429e-02
1.585857422640848946e-02
1.682911591496132758e-02
1.782992359412470529e-02
1.891178016587288790e-02
2.006529488469135578e-02
2.125283820618667496e-02
2.250288084158752824e-02
2.381814212648863602e-02
2.520142563893074464e-02
2.664868018435923372e-02
2.816006880791637260e-02
2.982603024348716436e-02
3.161799375005528573e-02
3.351327909058612192e-02
3.551670983865903852e-02
3.751856755353599748e-02
3.958743158917503446e-02
4.174992703468360933e-02
4.400884507048660743e-02
4.638216430812975438e-02
4.903526933606502242e-02
5.182876523359013221e-02
5.473936644265649937e-02
5.778107458001877084e-02
6.097418904561596048e-02
6.432492957473995299e-02
6.783968917011617972e-02
7.152503986182008611e-02
7.532638652067139007e-02
7.939539712810840533e-02
8.357391193635820004e-02
8.793686499778170795e-02
9.249056827008493575e-02
9.724081919251771622e-02
1.021934556796425808e-01
1.073915351767296689e-01
1.129166551714143180e-01
1.186880853712257294e-01
1.247142553718485203e-01
1.310037434510150645e-01
1.374924134333855574e-01
1.442269472606710901e-01
1.515015961091761565e-01
1.590401429286960600e-01
1.669039263477176960e-01
1.750885098002710472e-01
1.835123333019473002e-01
