1.740490215084613990e+00
1.739541512223619968e+00
1.738483421927192296e+00
1.737454996276534436e+00
1.736454903936974548e+00
1.735481905007983050e+00
1.730113569320080424e+00
1.726645513978747326e+00
1.722491953138553855e+00
1.718274354543221749e+00
1.714175979684517070e+00
1.710190771953794542e+00
1.706257182876679046e+00
1.702737602728975341e+00
1.701528672744793136e+00
1.700359195065764606e+00
1.697241632847953374e+00
1.687898689298913846e+00
1.678405171387446826e+00
1.669146443423813686e+00
1.660126918366519710e+00
1.654525929542807638e+00
1.652168072415617139e+00
1.648617868411946352e+00
1.641836770108811239e+00
1.637947327718011881e+00
1.636373394189307273e+00
1.634849046693649610e+00
1.633372983026128100e+00
1.625948032146231625e+00
1.613897188169440389e+00
1.602075820665217032e+00
1.590476692481625820e+00
1.583013732833707277e+00
1.580346802901632319e+00
1.576675517050833975e+00
1.572573722105500060e+00
1.568521287671711617e+00
1.564520928386708531e+00
1.559737566626193006e+00
1.552964170288412715e+00
1.546825759997633165e+00
1.545540425267415197e+00
1.536887649724144822e+00
1.525001507868292805e+00
1.513238835203936095e+00
1.510045566984467902e+00
1.505804379490837563e+00
1.501294349209675527e+00
1.496779968884220491e+00
1.489279621500874340e+00
1.481691385585422349e+00
1.474156956274207175e+00
1.469725183838524796e+00
1.466090846923124191e+00
1.462458545661067921e+00
1.458830305119747761e+00
1.451251821750372706e+00
1.443263736104516637e+00
1.439265860853063295e+00
1.434588518801404700e+00
1.427583070456263092e+00
1.420576626057194813e+00
1.413571659441487549e+00
1.406570566916603315e+00
1.399088753305684385e+00
1.391082767274026910e+00
1.387508530369702120e+00
1.385589521994302631e+00
1.383637995924631436e+00
1.381626968569223068e+00
1.376092631494532093e+00
1.371756395749225366e+00
1.366208000833154745e+00
1.360607567658526307e+00
1.354958858844472536e+00
1.349282364335881335e+00
1.343592427993898220e+00
1.337190771472749784e+00
1.330428603066774462e+00
1.327233837810548600e+00
1.325257749299083798e+00
1.323227413732213087e+00
1.321143863624267389e+00
1.317114217040539881e+00
1.312084927123087885e+00
1.307012805900687580e+00
1.301895397793190190e+00
1.296735397560112801e+00
1.294578930461547595e+00
1.292377903533110439e+00
1.289292271899066034e+00
1.284056439355445889e+00
1.280879913159874262e+00
1.279175718091339897e+00
1.277419216871919616e+00
1.275220929971879968e+00
1.272652723325174096e+00
1.270226898456042974e+00
1.268177890281258602e+00
1.266081236083124395e+00
1.263862800699667055e+00
1.261120627320711396e+00
