3.723412935398676246e+07
4.070255120720178634e+07
4.446520932121638209e+07
4.854601752596929669e+07
5.297094497028607875e+07
5.776808919569768757e+07
6.296411840621636063e+07
6.859060885336701572e+07
7.468333462347771227e+07
8.127934903833165765e+07
8.841997784832721949e+07
9.615007778612735868e+07
1.045182813067884892e+08
1.135772560938630402e+08
1.233887883789900690e+08
1.340182370691267699e+08
1.455326156404066384e+08
1.579780335804001093e+08
1.714295917898396254e+08
1.859596216709243953e+08
2.016529578838822246e+08
2.186059253847975433e+08
2.369482379883306921e+08
2.567982882028228939e+08
2.782573741326807141e+08
3.014523016113825440e+08
3.265542499606154561e+08
3.537259181797657609e+08
3.831398378268127441e+08
4.149635491408179402e+08
4.492915916221861243e+08
4.862976640759482980e+08
5.261804017887114882e+08
5.691685977543565035e+08
6.156187175368034840e+08
6.658023982573343515e+08
7.199111383369790316e+08
7.782436618539168835e+08
8.412523818566499949e+08
9.093563555142920017e+08
9.829699521351804733e+08
1.062526882908084512e+09
1.148473867183342934e+09
1.241227416502251863e+09
1.341006510367054224e+09
1.448277562559621334e+09
1.563807828428217649e+09
1.688465201440646887e+09
1.822882484628220081e+09
1.967801699394074917e+09
2.123908995113694668e+09
2.291891214997016430e+09
2.472605709164505005e+09
2.666944530574683666e+09
2.875924200110700130e+09
3.101149850498273373e+09
3.343955727493180752e+09
3.605510133075064659e+09
3.886476816870831490e+09
4.188266616726578236e+09
4.512833797843559265e+09
4.861511118256287575e+09
5.235730257101906776e+09
5.637219041501522064e+09
6.067809925397083282e+09
6.529416936247534752e+09
7.023883103731333733e+09
7.553820574634778976e+09
8.123086315853364944e+09
8.734596109106735229e+09
9.391391007261375427e+09
1.009564786988278770e+10
1.084906659483642006e+10
1.165444598650660133e+10
1.251493952568454170e+10
1.343387151129502487e+10
1.441693024804697990e+10
1.546994465947720909e+10
1.659742739306561089e+10
1.780361103458362198e+10
1.909354715544029236e+10
2.047263676760839844e+10
2.194659283689629745e+10
2.352145719058443451e+10
2.520242599196217728e+10
2.699745431296788406e+10
2.891321837037056732e+10
3.095604707665461731e+10
3.313348307176900864e+10
3.545344438528975677e+10
3.792424057472496796e+10
4.055471347974178314e+10
4.335654251026262665e+10
4.634085223695334625e+10
4.951848205091437531e+10
5.290083338452672577e+10
5.649935464199719238e+10
6.032383351836811066e+10
6.439190312978446198e+10
6.871962691252490234e+10
7.332162545800514221e+10
7.821375409803793335e+10
8.341056522236041260e+10
