6.206007944299121171e+00
6.120019685508160556e+00
6.035222849724728889e+00
5.951600929011596541e+00
5.869137644159596157e+00
5.787816941518638458e+00
5.707622989872261243e+00
5.628540177355849217e+00
5.550553108417187964e+00
5.473646600819500385e+00
5.397805682685642203e+00
5.323015589583608431e+00
5.249261761652075364e+00
5.176529840766110446e+00
5.104805667741815434e+00
5.034075279580037865e+00
4.964324906747939359e+00
4.895540970498553079e+00
4.827710080227167744e+00
4.760819030864647416e+00
4.694854800306564435e+00
4.629804546878258265e+00
4.565655606834706504e+00
4.502395491895351931e+00
4.440011886812780695e+00
4.378492646975371549e+00
4.317825796042897402e+00
4.257999523615146664e+00
4.199002182932582983e+00
4.140822288609132151e+00
4.083448514396116558e+00
4.026869690977431304e+00
3.971074803795015207e+00
3.916052990904707709e+00
3.861793540861551577e+00
3.808285890634660387e+00
3.755519623550719110e+00
3.703484467266226154e+00
3.652170291767591337e+00
3.601567107399183953e+00
3.551665062918459626e+00
3.502454443578277843e+00
3.453925669235553553e+00
3.406069292486343603e+00
3.358875996826548693e+00
3.312336594838321435e+00
3.266442026401384702e+00
3.221183356929346875e+00
3.176551775630245711e+00
3.132538593791396320e+00
3.089135243087805627e+00
3.046333273914221262e+00
3.004124353740092790e+00
2.962500265487526985e+00
2.921452905931516408e+00
2.880974284122530982e+00
2.841056519830774008e+00
2.801691842012182576e+00
2.762872587295494231e+00
2.724591198490465160e+00
2.686840223116568449e+00
2.649612311952268318e+00
2.612900217604205988e+00
2.576696793096395321e+00
2.540994990478786963e+00
2.505787859455286259e+00
2.471068546030609880e+00
2.436830291176058871e+00
2.403066429513612157e+00
2.369770388018418217e+00
2.336935684739101848e+00
2.304555927535959725e+00
2.272624812836485653e+00
2.241136124408289909e+00
2.210083732148870883e+00
2.179461590892302958e+00
2.149263739232313952e+00
2.119484298361809405e+00
2.090117470928340992e+00
2.061157539905566161e+00
2.032598867480210902e+00
2.004435893954587655e+00
1.976663136664188691e+00
1.949275188910404966e+00
1.922266718907905680e+00
1.895632468746730082e+00
1.869367253368634740e+00
1.843465959557744505e+00
1.817923544945072356e+00
1.792735037026948808e+00
1.767895532196931851e+00
1.743400194791252522e+00
1.719244256147365757e+00
1.695423013675661172e+00
1.671931829943926529e+00
1.648766131774602073e+00
1.625921409354438074e+00
1.603393215356593959e+00
1.581177164074796027e+00
1.559268930569597700e+00
1.537664249826362850e+00
1.516358915925020145e+00
1.495348781221220502e+00
