2.373469620611788741e+03
2.423865613325750928e+03
2.474345293425041291e+03
2.524899089511155125e+03
2.575534870595811299e+03
2.626260224822756754e+03
2.676868636469728244e+03
2.727278032463320869e+03
2.777529846678262402e+03
2.827570985818526424e+03
2.877410850381174441e+03
2.927059880534785862e+03
2.976522047641143672e+03
3.025778496184386313e+03
3.075047337338124635e+03
3.124464420612723643e+03
3.174033766096077215e+03
3.223702247286621514e+03
3.273463478507821947e+03
3.323288850651198572e+03
3.373186426411587036e+03
3.423182029421793231e+03
3.473388292714496856e+03
3.523823627310638585e+03
3.574395792353162960e+03
3.625101970534019529e+03
3.676084861297241332e+03
3.727369099639467095e+03
3.778960750171080235e+03
3.830890912379453312e+03
3.883283588541676181e+03
3.936159216228246805e+03
3.989523046600342695e+03
4.043384668770520875e+03
4.097781049443284246e+03
4.152710213880902302e+03
4.208132746339470941e+03
4.264055476440100392e+03
4.320541435279414145e+03
4.377615831301824073e+03
4.435286122312285443e+03
4.493556619752902407e+03
4.552427645684974777e+03
4.611972410444634988e+03
4.672396594463595648e+03
4.733719892246054769e+03
4.795943894254970473e+03
4.859071623740492214e+03
4.923111210296225181e+03
4.988073074197692222e+03
5.053961528046788771e+03
5.120778640451299907e+03
5.188533395242452571e+03
5.257224653558230784e+03
5.326848474922339847e+03
5.397461823267242835e+03
5.469084110407937260e+03
5.541782291797416292e+03
5.615765002276113592e+03
5.691055346585754705e+03
5.767644447547769232e+03
5.845544238564474654e+03
5.924767356648457280e+03
6.005327419454921255e+03
6.087238083630588335e+03
6.170508811639889245e+03
6.255123731752971253e+03
6.341102383782521429e+03
6.428493933986761476e+03
6.517319188960605970e+03
6.607597410875597234e+03
6.699488139030454477e+03
6.793125421487717176e+03
6.888513733274532569e+03
6.985670681616763432e+03
7.084613738519977232e+03
7.185352647339331270e+03
7.287905121227669952e+03
7.392292231528605043e+03
7.498523277907795091e+03
7.606621138150797378e+03
7.716610070521632224e+03
7.828514475627633146e+03
7.942358905872258219e+03
8.058337216820773392e+03
8.176540710886237321e+03
8.296982521488502243e+03
8.419703713481307204e+03
8.544733810012789036e+03
8.672102439114230947e+03
8.801839351074408114e+03
8.933971751647186466e+03
9.068481589142542362e+03
9.205382803534395862e+03
9.344707940096766833e+03
9.486489789614242909e+03
9.630780790439379416e+03
9.777706691478235371e+03
9.927281383327272124e+03
1.007949999384994226e+04
1.023439214337542398e+04
1.039199533403853093e+04
1.055234056579437492e+04
