1.458928878022006215e+00
1.458928876732425550e+00
1.458928875430608008e+00
1.458928874116537822e+00
1.458928872789545972e+00
1.458928871450073439e+00
1.458928870097824237e+00
1.458928868732568551e+00
1.458928867354100101e+00
1.458928865962244581e+00
1.458928864556875205e+00
1.458928863137840537e+00
1.458928861704995361e+00
1.458928860258156712e+00
1.458928858797136519e+00
1.458928857321776240e+00
1.458928855831856719e+00
1.458928854327349756e+00
1.458928852807920951e+00
1.458928851273423977e+00
1.458928849723705179e+00
1.458928848158557834e+00
1.458928846577786764e+00
1.458928844981199902e+00
1.458928843368599626e+00
1.458928841739783877e+00
1.458928840094546375e+00
1.458928838432684838e+00
1.458928836753988323e+00
1.458928835058243667e+00
1.458928833345233711e+00
1.458928831614739297e+00
1.458928829866538379e+00
1.458928828100399810e+00
1.458928826316095551e+00
1.458928824513394229e+00
1.458928822692064031e+00
1.458928820851871810e+00
1.458928818992580423e+00
1.458928817113927856e+00
1.458928815215659203e+00
1.458928813297521998e+00
1.458928811359262445e+00
1.458928809400624083e+00
1.458928807421379537e+00
1.458928805421169761e+00
1.458928803399765606e+00
1.458928801356885296e+00
1.458928799292246836e+00
1.458928797205566896e+00
1.458928795096563258e+00
1.458928792964942600e+00
1.458928790810386511e+00
1.458928788632588125e+00
1.458928786431237912e+00
1.458928784206021900e+00
1.458928781956621679e+00
1.458928779682713728e+00
1.458928777383969644e+00
1.458928775060051253e+00
1.458928772710616162e+00
1.458928770335316427e+00
1.458928767933799442e+00
1.458928765505706160e+00
1.458928763050671762e+00
1.458928760568326322e+00
1.458928758058292585e+00
1.458928755520188414e+00
1.458928752953625674e+00
1.458928750358210680e+00
1.458928747733542863e+00
1.458928745079217437e+00
1.458928742394823619e+00
1.458928739679943964e+00
1.458928736934155035e+00
1.458928734157012075e+00
1.458928731348069663e+00
1.458928728506879269e+00
1.458928725632986367e+00
1.458928722725928440e+00
1.458928719785237416e+00
1.458928716810439674e+00
1.458928713801053600e+00
1.458928710756572489e+00
1.458928707676484082e+00
1.458928704560276124e+00
1.458928701407428807e+00
1.458928698217414333e+00
1.458928694989697128e+00
1.458928691723735405e+00
1.458928688418979380e+00
1.458928685074863951e+00
1.458928681690791596e+00
1.458928678266173895e+00
1.458928674800414882e+00
1.458928671292909263e+00
1.458928667743043972e+00
1.458928664150196397e+00
1.458928660513736153e+00
1.458928656833023529e+00
1.458928653107398166e+00
1.458928649336167949e+00
1.458928645518647205e+00
1.458928641654140046e+00
1.458928637741939038e+00
1.458928633781325201e+00
1.458928629771568453e+00
1.458928625711926275e+00
1.458928621601627507e+00
1.458928617439894548e+00
1.458928613225941806e+00
1.458928608958969475e+00
1.458928604638167092e+00
1.458928600262711983e+00
1.458928595831768815e+00
1.458928591344477610e+00
1.458928586799940419e+00
1.458928582197264623e+00
1.458928577535542948e+00
1.458928572813855018e+00
1.458928568031265582e+00
1.458928563186824290e+00
1.458928558279568133e+00
1.458928553308498355e+00
1.458928548272577563e+00
1.458928543170774361e+00
1.458928538002040920e+00
1.458928532765312536e+00
1.458928527459507407e+00
1.458928522083527080e+00
1.458928516636257111e+00
1.458928511116552196e+00
1.458928505523213515e+00
1.458928499855044247e+00
1.458928494110827812e+00
1.458928488289324976e+00
1.458928482389276970e+00
1.458928476409401709e+00
1.458928470348379580e+00
1.458928464204866104e+00
1.458928457977499926e+00
1.458928451664895931e+00
1.458928445265646578e+00
1.458928438778320569e+00
1.458928432201462622e+00
1.458928425533552620e+00
1.458928418773052016e+00
1.458928411918404500e+00
1.458928404968027115e+00
1.458928397920309150e+00
1.458928390773613026e+00
1.458928383526272743e+00
1.458928376176548136e+00
1.458928368722675728e+00
1.458928361162872056e+00
1.458928353495323682e+00
1.458928345718184305e+00
1.458928337829576316e+00
1.458928329827591908e+00
1.458928321710255327e+00
1.458928313475535532e+00
1.458928305121384383e+00
1.458928296645714440e+00
1.458928288046398070e+00
1.458928279321269228e+00
1.458928270468102362e+00
1.458928261484621958e+00
1.458928252368519862e+00
1.458928243117445289e+00
1.458928233729004154e+00
1.458928224200759738e+00
1.458928214530202272e+00
1.458928204714746935e+00
1.458928194751784924e+00
1.458928184638657255e+00
1.458928174372655207e+00
1.458928163951020096e+00
1.458928153370927072e+00
1.458928142629443370e+00
1.458928131723611576e+00
1.458928120650418325e+00
1.458928109406794738e+00
1.458928097989612871e+00
1.458928086395685719e+00
1.458928074621711257e+00
1.458928062664320180e+00
1.458928050520090114e+00
1.458928038185528298e+00
1.458928025657072247e+00
1.458928012931073326e+00
1.458928000003783421e+00
1.458927986871396243e+00
1.458927973530026678e+00
1.458927959975715449e+00
1.458927946204559678e+00
1.458927932214590717e+00
1.458927918003752211e+00
1.458927903569933848e+00
1.458927888911404347e+00
1.458927874026841431e+00
1.458927858913685816e+00
1.458927843564712390e+00
1.458927827974835889e+00
1.458927812138589797e+00
1.458927796049844572e+00
1.458927779701757244e+00
1.458927763088675222e+00
1.458927746206674536e+00
1.458927729050438993e+00
1.458927711614769640e+00
1.458927693894631172e+00
1.458927675883952446e+00
1.458927657575958214e+00
1.458927638964347739e+00
1.458927620042643092e+00
1.458927600804185598e+00
1.458927581242223548e+00
1.458927561349884439e+00
1.458927541120090821e+00
1.458927520545608925e+00
1.458927499619047996e+00
1.458927478332770589e+00
1.458927456678873913e+00
1.458927434649337052e+00
1.458927412235949239e+00
1.458927389430309196e+00
1.458927366223779609e+00
1.458927342607412081e+00
1.458927318572101006e+00
1.458927294108525397e+00
1.458927269207142663e+00
1.458927243858177292e+00
1.458927218051490948e+00
1.458927191776713927e+00
1.458927165023228945e+00
1.458927137780152705e+00
1.458927110036285058e+00
1.458927081780115431e+00
1.458927052999863916e+00
1.458927023683456836e+00
1.458926993818498108e+00
1.458926963392156662e+00
1.458926932391313880e+00
1.458926900802523630e+00
1.458926868611998273e+00
1.458926835805504307e+00
1.458926802368379905e+00
1.458926768285627285e+00
1.458926733541859866e+00
1.458926698121279841e+00
1.458926662007501207e+00
1.458926625183736725e+00
1.458926587632778160e+00
1.458926549336963197e+00
1.458926510278115041e+00
1.458926470437388989e+00
1.458926429795480262e+00
1.458926388332548507e+00
1.458926346028166288e+00
1.458926302861238034e+00
1.458926258810112619e+00
1.458926213852533849e+00
1.458926167965560294e+00
1.458926121125421860e+00
1.458926073307736715e+00
1.458926024487422701e+00
1.458925974638615175e+00
1.458925923734476271e+00
1.458925871747454250e+00
1.458925818649187356e+00
1.458925764410426318e+00
1.458925709000748583e+00
1.458925652388881833e+00
1.458925594542618276e+00
1.458925535428746034e+00
1.458925475012647910e+00
1.458925413258638448e+00
1.458925350129956611e+00
1.458925285588680953e+00
1.458925219595375689e+00
1.458925152109089796e+00
1.458925083087577512e+00
1.458925012487097828e+00
1.458924940262152248e+00
1.458924866365693074e+00
1.458924790749042133e+00
1.458924713361507752e+00
1.458924634150289723e+00
1.458924553060784612e+00
1.458924470036329524e+00
1.458924385017565939e+00
1.458924297942881143e+00
1.458924208748348716e+00
1.458924117367315088e+00
1.458924023729733177e+00
1.458923927762964201e+00
1.458923829391423510e+00
1.458923728535699960e+00
1.458923625112425571e+00
1.458923519034951433e+00
