1.996888986762882521e-12
2.007854207430912988e-12
2.018923482276726459e-12
2.030096937352897815e-12
2.041380261478817747e-12
2.052769709337734746e-12
2.064267796552849995e-12
2.075876475507671419e-12
2.087597501439609589e-12
2.099432353805329919e-12
2.111382115286284227e-12
2.123448069634966226e-12
2.135631453711626342e-12
2.147933820918691164e-12
2.160356773137369451e-12
2.172901656922384855e-12
2.185570333603617160e-12
2.198363047948646686e-12
2.211282640925524707e-12
2.224330355978944948e-12
2.237507498682706388e-12
2.250815827597204456e-12
2.264257004206122308e-12
2.277832660082769961e-12
2.291544473615806450e-12
2.305394166711141475e-12
2.319383489599596998e-12
2.333514167501238390e-12
2.347787986315053357e-12
2.362206764994401949e-12
2.376772346247677231e-12
2.391486594019993886e-12
2.406351400709753823e-12
2.421368722563927935e-12
2.436540508693415724e-12
2.451868718859143816e-12
2.467355326096187813e-12
2.483002314494014130e-12
2.498811700099258951e-12
2.514785710551410449e-12
2.530926510899607066e-12
2.547236248509543134e-12
2.563717085765274867e-12
2.580371197628857417e-12
2.597200516629745831e-12
2.614208100481638573e-12
2.631395895804380325e-12
2.648766298139718579e-12
2.666321706464720686e-12
2.684064524045942445e-12
2.701997159188478520e-12
2.720122097438110496e-12
2.738442051280805334e-12
2.756959628498356618e-12
2.775677460157396527e-12
2.794598215590210660e-12
2.813724603786593818e-12
2.833059374596008391e-12
2.852605320535337099e-12
2.872365313538708152e-12
2.892342271277840596e-12
2.912539145853290620e-12
2.932958938579785181e-12
2.953604700415411621e-12
2.974479532237898813e-12
2.995586584975926025e-12
3.016929059618516754e-12
3.038510207193967027e-12
3.060333328332818576e-12
3.082401772926219518e-12
3.104718939659421546e-12
3.127288275419131679e-12
3.150113274601982405e-12
3.173197478330366881e-12
3.196544491345581847e-12
3.220158099501012986e-12
3.244042082582370436e-12
3.268200255188734640e-12
3.292636487667794057e-12
3.317354705361111115e-12
3.342358887742483141e-12
3.367653067455107365e-12
3.393241334117471222e-12
3.419127998044100997e-12
3.445317411730757397e-12
3.471813931801719345e-12
3.498621979916816308e-12
3.525746041917734697e-12
3.553190666849520545e-12
3.580960465865387538e-12
3.609060111021401363e-12
3.637494405944728351e-12
3.666268430051836547e-12
3.695387187909560286e-12
3.724855745945086637e-12
3.754679246278288124e-12
3.784862905636725095e-12
3.815412014132005686e-12
3.846331933906183105e-12
3.877628097655735834e-12
3.909306126269495467e-12
3.941371899693172622e-12
3.973831244255389131e-12
4.006690078917966627e-12
4.039954418642524977e-12
4.073630373637571023e-12
4.107724148403351346e-12
4.142242057025318351e-12
4.177190657747022093e-12
4.212576555376707340e-12
4.248406434375194002e-12
4.284687084489043513e-12
4.321425399513184686e-12
4.358628375853348933e-12
4.396303110900134485e-12
4.434456913645342129e-12
4.473097419539267547e-12
4.512232217078336966e-12
4.551869011415907819e-12
4.592015631246359030e-12
4.632680027421195236e-12
4.673870271329840732e-12
4.715594553058830606e-12
4.757861361252455796e-12
4.800679513243303185e-12
4.844057772663401560e-12
4.888005046349990281e-12
4.932530385358179794e-12
4.977642983268886642e-12
5.023352174229883177e-12
5.069667430744330190e-12
5.116598488209214240e-12
5.164155532715960465e-12
5.212348734662333258e-12
5.261188435549884979e-12
5.310685160189543889e-12
5.360849615940728340e-12
5.411692692514156295e-12
5.463225598456808761e-12
5.515459766809378217e-12
5.568406763692272455e-12
5.622078354733877166e-12
5.676486503454757166e-12
5.731643369255725349e-12
5.787561320831977840e-12
5.844253266806695794e-12
5.901732287114889914e-12
5.960011599096102304e-12
6.019104653463153929e-12
6.079025132697708258e-12
6.139786948972643184e-12
6.201404257176815127e-12
6.263891835607615262e-12
6.327264671998572839e-12
6.391537905994559366e-12
6.456726948039184060e-12
6.522847477443871572e-12
6.589915439917867557e-12
6.657947044708256053e-12
6.726959068143161150e-12
6.796968757717389887e-12
6.867993507231277237e-12
6.940051044855982984e-12
7.013159433037572697e-12
7.087337068002539014e-12
7.162602845663715891e-12
7.238976084276118171e-12
7.316476377311040313e-12
7.395123683991721646e-12
7.474938327486538341e-12
7.555940992344736240e-12
7.638152981620653278e-12
7.721596232040830489e-12
7.806292884446291014e-12
7.892265502956232520e-12
7.979537074417549812e-12
8.068131006083654554e-12
8.158071268267164739e-12
8.249382736312929682e-12
8.342090502941414208e-12
8.436220120823371464e-12
8.531797630007276344e-12
8.628849555415018402e-12
8.727402920765182033e-12
8.827485729210887649e-12
8.929126544207336533e-12
9.032354380019498040e-12
9.137198841452287563e-12
9.243690124501845256e-12
9.351859152486080842e-12
9.461737679798280359e-12
9.573357962798995043e-12
9.686752902888274538e-12
9.801956048746922458e-12
9.919001630386400797e-12
1.003792506425372044e-11
1.015876239905115275e-11
1.028155031846094473e-11
1.040632625117032648e-11
1.053312836958117236e-11
1.066199578059728199e-11
1.079296892210068630e-11
1.092608876970597264e-11
1.106139712409371343e-11
1.119893663766231765e-11
1.133875081221066328e-11
1.148088436753340366e-11
1.162538334650945150e-11
1.177229451729115238e-11
1.192166565961751543e-11
1.207354556998064286e-11
1.222798433522611386e-11
1.238503326626986317e-11
1.254474464455691083e-11
1.270717186643506552e-11
1.287236944415348349e-11
1.304039348088636054e-11
1.321130153566650827e-11
1.338515218754508803e-11
1.356200528697446808e-11
1.374192195724248364e-11
1.392496503286441780e-11
1.411119913910740721e-11
1.430069000827803838e-11
1.449350481677886954e-11
1.468971218787935326e-11
1.488938251037360294e-11
1.509258849751296633e-11
1.529940405479865076e-11
1.550990470696180070e-11
1.572416763103198468e-11
1.594227175138128811e-11
1.616429863857283964e-11
1.639033159615253600e-11
1.662045575015994274e-11
1.685475819594443255e-11
1.709332832935663798e-11
1.733625780652678767e-11
1.758364025858778117e-11
1.783557145725326662e-11
1.809214950019656114e-11
1.835347558098001877e-11
1.861965297554238838e-11
1.889078731501313524e-11
1.916698666573534429e-11
1.944836222789449097e-11
1.973502820563074156e-11
2.002710118860676446e-11
2.032470050768726399e-11
2.062794836528905777e-11
2.093697095398058894e-11
2.125189726041133057e-11
2.157285919744294135e-11
2.189999178965936841e-11
2.223343354361884455e-11
2.257332738221107462e-11
2.291981936231791567e-11
2.327305912238102187e-11
2.363320018173374457e-11
2.400040037869842510e-11
2.437482123749339269e-11
2.475662822929193151e-11
2.514599121645413887e-11
2.554308522099445183e-11
2.594808922967423236e-11
2.636118666015217988e-11
2.678256578005347803e-11
2.721242066908635783e-11
2.765094988115497274e-11
2.809835691914189648e-11
2.855485059164467407e-11
2.902064637373916941e-11
2.949596482844863979e-11
2.998103201769454752e-11
3.047607978869460573e-11
3.098134750310251378e-11
3.149708055516063528e-11
3.202353037686217377e-11
3.256095478699163859e-11
3.310961936092386759e-11
3.366979742148178790e-11
3.424176913002849124e-11
3.482582222035179305e-11
3.542225282757179142e-11
3.603136480059449407e-11
3.665346994455797763e-11
3.728888920401447533e-11
3.793795293402456673e-11
3.860099989692296562e-11
3.927837800860762828e-11
3.997044605000816451e-11
4.067757242178973678e-11
4.140013527138774289e-11
4.213852347477976725e-11
4.289313819074341809e-11
4.366439090233513654e-11
4.445270421690095044e-11
4.525851364127786559e-11
4.608226780937023214e-11
4.692442703421020710e-11
