2.701455514967199477e-06
2.716289740179163763e-06
2.731264737568765569e-06
2.746380677796423338e-06
2.761645257083611585e-06
2.777053408741890354e-06
2.792608536162798250e-06
2.808313280768748646e-06
2.824170017280317479e-06
2.840180747335766900e-06
2.856346935803690460e-06
2.872670319576988732e-06
2.889152572116877119e-06
2.905795795124418850e-06
2.922602155892357747e-06
2.939573476303044791e-06
2.956712274659055850e-06
2.974018882306893079e-06
2.991497142867334714e-06
3.009148738762759625e-06
3.026975436475176833e-06
3.044979615318591458e-06
3.063163523286461972e-06
3.081529367917949477e-06
3.100079420096724456e-06
3.118816009589579453e-06
3.137741504493959374e-06
3.156858239082993166e-06
3.176168629731510989e-06
3.195675137544596949e-06
3.215380255777507433e-06
3.235286506429208256e-06
3.255396450005955734e-06
3.275712733406522620e-06
3.296237993890943512e-06
3.316974883142966681e-06
3.337926070820795430e-06
3.359094241554665467e-06
3.380482123225982168e-06
3.402092729990219412e-06
3.423928991346304524e-06
3.445993812890015759e-06
3.468290120555748536e-06
3.490820857315751283e-06
3.513588638186186088e-06
3.536597600428369046e-06
3.559850378169274656e-06
3.583350212891696244e-06
3.607100350752524769e-06
3.631104043739405346e-06
3.655364550684998639e-06
3.679885234948356856e-06
3.704669766940417580e-06
3.729721675453852969e-06
3.755044520816619142e-06
3.780641915160634255e-06
3.806517524306178627e-06
3.832675069389889946e-06
3.859118329312157822e-06
3.885851190456777452e-06
3.912877601128574316e-06
3.940201556255882001e-06
3.967827117395281847e-06
3.995758413314386179e-06
4.023999640367760846e-06
4.052555062676912945e-06
4.081429012145387490e-06
4.110625888432796536e-06
4.140150158366160077e-06
4.170006355480369499e-06
4.200199079390017781e-06
4.230732994990522064e-06
4.261612831525616609e-06
4.292843381529677158e-06
4.324429523685858772e-06
4.356376381786327894e-06
4.388689071501094386e-06
4.421372755689611966e-06
4.454432672727984170e-06
4.487874135492323219e-06
4.521702530197376375e-06
4.555923315098630902e-06
4.590542025646144483e-06
4.625564495990193244e-06
4.660996617472463799e-06
4.696844287149024332e-06
4.733113490198468359e-06
4.769810298772914529e-06
4.806940870680928842e-06
4.844511447912425236e-06
4.882528355015238859e-06
4.920998094712026113e-06
4.959927543027410203e-06
4.999323474905246939e-06
5.039192749176288547e-06
5.079542327281747873e-06
5.120379271814823684e-06
5.161710744875435730e-06
5.203544006249182687e-06
5.245886411421478489e-06
5.288745570748759971e-06
5.332129445350029729e-06
5.376045924084166281e-06
5.420503021434047501e-06
5.465508882075909660e-06
5.511071779875824302e-06
5.557200116613296663e-06
5.603902442689684723e-06
5.651187639222628151e-06
5.699064650723812185e-06
5.747542529885281603e-06
5.796630472281311617e-06
5.846337814715683962e-06
5.896674033299198241e-06
5.947648741273271586e-06
5.999271838701814240e-06
6.051553667905947863e-06
6.104504508256007665e-06
6.158134797569074299e-06
6.212455141454395940e-06
6.267476311473415041e-06
6.323209242982815866e-06
6.379665032679749322e-06
6.436855182004476988e-06
6.494791637955614208e-06
6.553486275731873202e-06
6.612951165203082743e-06
6.673198572327475028e-06
6.734240956911922192e-06
6.796090970012947846e-06
6.858761450999169389e-06
6.922265596126728746e-06
6.986617212727589782e-06
7.051830088190398459e-06
7.117918242789578665e-06
7.184895946274343735e-06
7.252777716916103711e-06
7.321578321322890597e-06
7.391312959217821261e-06
7.461997135870232510e-06
7.533646538489099065e-06
7.606277126214188114e-06
7.679905128036466371e-06
7.754547040187661420e-06
7.830219644411921134e-06
7.906940455537820556e-06
7.984727222781024344e-06
8.063597883995163147e-06
8.143570695693628871e-06
8.224664231036819416e-06
8.306897377187134299e-06
8.390289353112785587e-06
8.474860225008125570e-06
8.560630346243242880e-06
8.647620279714356658e-06
8.735850958967037033e-06
8.825343685819923644e-06
8.916120127270456687e-06
9.008202311887876892e-06
9.101613040953026522e-06
9.196375758959664715e-06
9.292514114219846264e-06
9.390052213751175366e-06
9.489014623505931417e-06
9.589426368081300738e-06
9.691313155708827068e-06
9.794701273999710918e-06
9.899617391234740921e-06
1.000608867940054909e-05
1.011414281225397960e-05
1.022380796239007406e-05
1.033511314993377727e-05
1.044808826372556107e-05
1.056276348040754015e-05
1.067916956182791560e-05
1.079733785503139331e-05
1.091730028989566720e-05
1.103908957312817989e-05
1.116273965226608876e-05
1.128828478547677892e-05
1.141575987101561405e-05
1.154520048543180297e-05
1.167664288130856325e-05
1.181012400732105276e-05
1.194568216053181590e-05
1.208335642015238895e-05
1.222318650069212235e-05
1.236521294277126452e-05
1.250947711566637727e-05
1.265602140350812518e-05
1.280488934778167885e-05
1.295612520348890104e-05
1.310977413511310698e-05
1.326588222194013891e-05
1.342449650665428445e-05
1.358248321244492233e-05
1.373624699070170356e-05
1.389270554440236837e-05
1.405191507876294538e-05
1.421393304367430777e-05
1.437881838749019001e-05
1.454663207647861478e-05
1.471743609288337062e-05
1.489129381258120526e-05
1.506827005076685767e-05
1.524843107086460701e-05
1.543184507301662527e-05
1.561858234600956466e-05
1.580871450975431582e-05
1.600231489891037039e-05
1.619945858466407656e-05
1.640022274594390126e-05
1.660468660170264646e-05
1.681293109873029692e-05
1.702503911664169232e-05
1.724109548754176928e-05
1.746118763767916176e-05
1.768540543446275032e-05
1.791384063701587196e-05
1.814658724721968905e-05
1.838374153486472149e-05
1.862540264096404955e-05
1.887167271261145211e-05
1.912265602818849622e-05
1.937845947010446689e-05
1.963919255840422556e-05
1.990496790641078329e-05
2.017590200254298590e-05
2.045211374067781239e-05
2.073372502444788089e-05
2.102086085060250116e-05
2.131364947785661137e-05
2.161222368085296967e-05
2.191671957580434938e-05
2.222727678994383882e-05
2.254403871223646988e-05
2.286715299883464018e-05
2.319677158196395623e-05
2.353305034805854685e-05
2.387614942963248250e-05
2.422623353040939781e-05
2.458347305722647985e-05
2.494804282354651652e-05
2.532012250883809078e-05
2.569989686210876839e-05
2.608755676549566216e-05
2.648329917075317359e-05
2.688732636408713129e-05
2.729984657953423512e-05
2.772107431299083416e-05
2.815123202427238637e-05
2.859054863643507247e-05
2.903925988304208928e-05
2.949760874380415648e-05
2.996584615551747458e-05
3.044423253824630015e-05
3.093303622386637825e-05
3.143253432459901128e-05
3.194301341728848889e-05
3.246477045017504589e-05
3.299811215203760751e-05
3.354335572895801636e-05
3.410082985369355680e-05
3.467087615785625307e-05
3.525384794164924447e-05
3.585011128867470441e-05
3.646004615807618791e-05
3.708404831447344727e-05
3.772252797102830870e-05
3.837591109470153244e-05
3.904464059991642283e-05
3.972917908382730165e-05
4.043000731964151986e-05
4.114762571746407975e-05
4.188255568200665793e-05
4.263534320911792586e-05
4.340655781341486126e-05
4.419679373668540236e-05
4.500667177547100067e-05
4.583684277767207841e-05
4.668798921168987868e-05
4.756082549365120361e-05
4.845610094666252625e-05
4.937460309409019661e-05
5.031715881048085833e-05
5.128463708098015270e-05
5.227795345171922978e-05
5.329807332778414923e-05
5.434601351638358030e-05
5.542284677667252225e-05
5.652970825378315689e-05
5.766779756783861822e-05
5.883838341611178865e-05
6.004280996908097437e-05
6.128250470196229787e-05
6.255898097526634309e-05
6.387384560266794133e-05
6.522880868239439760e-05
6.662569155660526862e-05
6.806643259482756270e-05
