1.514294950558202867e-02
1.522610196447552779e-02
1.531004349895307738e-02
1.539477506497824964e-02
1.548033980259917036e-02
1.556670931006093155e-02
1.565390266414293241e-02
1.574193467041659980e-02
1.583081863943894621e-02
1.592056579044375322e-02
1.601118433380376710e-02
1.610268400467478045e-02
1.619507418261654716e-02
1.628836664762346037e-02
1.638257354732119281e-02
1.647770509312202272e-02
1.657377540013206529e-02
1.667078632459167639e-02
1.676875941049691537e-02
1.686770408735636939e-02
1.696763025582397402e-02
1.706855125168777257e-02
1.717047967457716734e-02
1.727342789730526920e-02
1.737740864770274257e-02
1.748243498360741929e-02
1.758852017765666353e-02
1.769567731282679912e-02
1.780391993224375233e-02
1.791326182969775124e-02
1.802371697912428725e-02
1.813529951550646446e-02
1.824802378960093535e-02
1.836190463635052270e-02
1.847695683658724317e-02
1.859319525190904904e-02
1.871063484457976406e-02
1.882929066069601726e-02
1.894917798869921732e-02
1.907031372160752913e-02
1.919271427780195466e-02
1.931639594156914219e-02
1.944137511108929781e-02
1.956766827992984306e-02
1.969529010322298296e-02
1.982426376871929477e-02
1.995460403841291600e-02
2.008632907861428174e-02
2.021945708169003292e-02
2.035400627254112596e-02
2.048999491428252565e-02
2.062744185577488829e-02
2.076636766684144403e-02
2.090679212330808293e-02
2.104873517758279813e-02
2.119221707226051285e-02
2.133725835067768264e-02
2.148387986602881897e-02
2.163210279507600878e-02
2.178194891683339976e-02
2.193344035716520563e-02
2.208659950302763533e-02
2.224144911459089227e-02
2.239801232849432736e-02
2.255631265994150272e-02
2.271637400369628385e-02
2.287822063415449747e-02
2.304187720518435789e-02
2.320736874681252407e-02
2.337472066263336298e-02
2.354395872627213296e-02
2.371510907689080086e-02
2.388819821394411874e-02
2.406325299123318259e-02
2.424030074501234977e-02
2.441937018497687684e-02
2.460048997482048444e-02
2.478368904224976035e-02
2.496899673774228071e-02
2.515644282882428112e-02
2.534605749353647380e-02
2.553787131313327297e-02
2.573191530094420115e-02
2.592822214392084823e-02
2.612682484890369375e-02
2.632775645405508597e-02
2.653105049073871749e-02
2.673674097704479419e-02
2.694486241037141044e-02
2.715544975911893949e-02
2.736853845355085441e-02
2.758416492169395162e-02
2.780236768299280611e-02
2.802318468930183049e-02
2.824665436160139417e-02
2.847281569489407485e-02
2.870170824997664641e-02
2.893337214416229902e-02
2.916784804101548237e-02
2.940517713915999365e-02
2.964540206436663480e-02
2.988856740694354613e-02
3.013471735062685578e-02
3.038389678164577293e-02
3.063615131425346735e-02
3.089152728501799727e-02
3.115007174558037661e-02
3.141183257862992240e-02
3.167685951841796299e-02
3.194520265234117307e-02
3.221691267185881891e-02
3.249204106687893223e-02
3.277064011637566276e-02
3.305276287748917796e-02
3.333846317319601876e-02
3.362779643115216405e-02
3.392082055469591850e-02
3.421759309113696357e-02
3.451817247247288001e-02
3.482261806759557460e-02
3.513099017179780598e-02
3.544334999449524209e-02
3.575975964526900003e-02
3.608028349781129684e-02
3.640498841841970784e-02
3.673394086621065840e-02
3.706720838632546200e-02
3.740485961761128714e-02
3.774696427979197522e-02
3.809359315861322176e-02
3.844481808907491971e-02
3.880071289985215915e-02
3.916135483745554480e-02
3.952682102944835019e-02
3.989718990099921231e-02
4.027254126744375662e-02
4.065295632851637780e-02
4.103851766685800290e-02
4.142931028303301760e-02
4.182542088009815612e-02
4.222693717038068784e-02
4.263394837922952763e-02
4.304654523276582601e-02
4.346481994262772763e-02
4.388886630769812947e-02
4.431878222142473372e-02
4.475466687647110253e-02
4.519662050758952582e-02
4.564474511938945711e-02
4.609914447417535338e-02
4.655992407619356094e-02
4.702719127040922570e-02
4.750105812944393352e-02
4.798163831427412068e-02
4.846904663800267327e-02
4.896339996742905820e-02
4.946481720841480051e-02
4.997341928715305637e-02
5.048932912848820564e-02
5.101267395780523933e-02
5.154358457368054397e-02
5.208219288434148136e-02
5.262863333384240616e-02
5.318304290134357598e-02
5.374556109736836756e-02
5.431633122193883778e-02
5.489549977805359415e-02
5.548321535597923460e-02
5.607962931982614363e-02
5.668489579385477956e-02
5.729917164303548194e-02
5.792261842293652818e-02
5.855540249475033043e-02
5.919769176779343667e-02
5.984965736152210447e-02
6.051147360136684833e-02
6.118331800114019253e-02
6.186537234484119213e-02
6.255782527999129150e-02
6.326086710286130121e-02
6.397469159802551819e-02
6.469949624636736618e-02
6.543548220610159727e-02
6.618285441837157279e-02
6.694182525214774360e-02
6.771261132578176856e-02
6.849543267669430668e-02
6.929051382102409395e-02
7.009808375858217477e-02
7.091837700520593757e-02
7.175163437958988200e-02
7.259810050752790733e-02
7.345802490691470676e-02
7.433166200475851970e-02
7.521927139530107387e-02
7.612112166878946817e-02
7.703748621062779522e-02
7.796864322202531894e-02
7.891487655398440881e-02
7.987647569748265730e-02
8.085373723178963801e-02
8.184696783437035716e-02
8.285647825928665888e-02
8.388258551845589883e-02
8.492561308408522192e-02
8.598589087120822594e-02
8.706375803106604361e-02
8.815956374744667035e-02
8.927366270636101497e-02
9.040641726582238080e-02
9.155819749499763405e-02
9.272938325031010454e-02
9.392036367253728257e-02
9.513153526291978634e-02
9.636330297871922856e-02
9.761608024084730828e-02
9.889029253610358283e-02
1.001863763930002926e-01
1.015047760767666257e-01
1.028459454956852231e-01
1.042103482120293467e-01
1.055984607667293795e-01
1.070107732825322233e-01
1.084477842790419477e-01
1.099100032289021533e-01
1.113979505788885160e-01
1.129121601665478564e-01
1.144531834590030162e-01
1.160215809668578013e-01
1.176179254823206538e-01
1.192428023300797640e-01
1.208968100881731289e-01
1.225805674046136079e-01
1.242947060720922675e-01
1.260398717069123875e-01
1.278167248624995089e-01
1.296259435411678540e-01
1.314682228892292692e-01
1.333442730336978077e-01
1.352548203381136183e-01
1.372006088085482023e-01
1.391824059326496055e-01
1.412009949936854081e-01
1.432571771396444760e-01
1.453517719902847338e-01
1.474856229355157033e-01
1.496595961505883809e-01
1.518745759063044320e-01
1.541314672666014296e-01
1.564311970773251403e-01
1.587747224496509901e-01
1.611630216896697276e-01
1.635970953007038486e-01
1.660779673904496656e-01
1.686066884791857234e-01
1.711843425860665735e-01
1.738120375044821253e-01
1.764909081966658799e-01
1.792221190641403727e-01
1.820068672705849044e-01
1.848463779409631746e-01
1.877419061417833213e-01
1.906947402505471123e-01
1.937062077842301999e-01
1.967776663377361346e-01
1.999105071196618788e-01
2.031061581310500685e-01
2.063660914626594955e-01
2.096918131491178616e-01
2.130848667702913979e-01
2.165468361574835188e-01
2.200793557142839418e-01
2.236840984457097170e-01
2.273627790756835299e-01
2.311171562199546281e-01
2.349490455011031820e-01
2.388603083109966663e-01
2.428528518509372458e-01
2.469286317799191666e-01
2.510896626047286473e-01
2.553380176118897338e-01
2.596758219755516128e-01
2.641052583248836849e-01
2.686285730324265986e-01
2.732480710009409508e-01
2.779661175038747323e-01
2.827851471610805523e-01
2.877076659969181605e-01
2.927362438330770589e-01
2.978735199510357257e-01
3.031222160756193995e-01
3.084851269320757483e-01
3.139651212121424284e-01
3.195651490235874581e-01
3.252882536825851822e-01
3.311375568611544251e-01
3.371162646586835510e-01
3.432276810714002258e-01
3.494752097227158405e-01
3.558623428839133851e-01
