3.231574466370890377e+02
3.218588162198052487e+02
3.205654044381377616e+02
3.192771903206405000e+02
3.179941529801440083e+02
3.167162716134113793e+02
3.154435255008089030e+02
3.141758940059646648e+02
3.129133565754356709e+02
3.116558927383742912e+02
3.104034821061962361e+02
3.091561043722515478e+02
3.079137393114901329e+02
3.066763667801415068e+02
3.054439667153828282e+02
3.042165191350153464e+02
3.029940041371399957e+02
3.017764018998349229e+02
3.005636926808339808e+02
2.993558568172079504e+02
2.981528747250407605e+02
2.969547268991192936e+02
2.957613939126122773e+02
2.945728564167565082e+02
2.933890951405430769e+02
2.922100908904050698e+02
2.910358245499071472e+02
2.898662770794314838e+02
2.887014295158755317e+02
2.875412629723402347e+02
2.863857586378247788e+02
2.852348977769217413e+02
2.840886617295130918e+02
2.829470319104690930e+02
2.818099898093419142e+02
2.806775169900729452e+02
2.795495950906889107e+02
2.784262058230052617e+02
2.773073309723299644e+02
2.761929523971678577e+02
2.750830520289266587e+02
2.739776118716251290e+02
2.728766140015965789e+02
2.717800405672054467e+02
2.706878737885529063e+02
2.696000959571899216e+02
2.685166894358299601e+02
2.674376366580632975e+02
2.663629201280730854e+02
2.652925224203473249e+02
2.642264261794027789e+02
2.631646141194996176e+02
2.621070690243616923e+02
2.610537737468977753e+02
2.600047112089232542e+02
2.589598644008846691e+02
2.579192163815792469e+02
2.568827502778868279e+02
2.558504492844920151e+02
2.548222966636127182e+02
2.537982757447288407e+02
2.527783699243117042e+02
2.517625626655563451e+02
2.507508374981088366e+02
2.497431780178056044e+02
2.487395678864033641e+02
2.477399908313151684e+02
2.467444306453465117e+02
2.457528711864327704e+02
2.447652963773770978e+02
2.437816902055911328e+02
2.428020367228311329e+02
2.418263200449455326e+02
2.408545243516132075e+02
2.398866338860882195e+02
2.389226329549441346e+02
2.379625059278195351e+02
2.370062372371658626e+02
2.360538113779907121e+02
2.351052129076125823e+02
2.341604264454064719e+02
2.332194366725554175e+02
2.322822283318022301e+02
2.313487862272020266e+02
2.304190952238768375e+02
2.294931402477664335e+02
2.285709062853894693e+02
2.276523783835964991e+02
2.267375416493282216e+02
2.258263812493741796e+02
2.249188824101321131e+02
2.240150304173686777e+02
2.231148106159813835e+02
2.222182084097576364e+02
2.213252092611435558e+02
2.204357986910043223e+02
2.195499622783906375e+02
2.186676856603047270e+02
2.177889545314676241e+02
2.169137546440878168e+02
2.160420718076269964e+02
2.151738918885750707e+02
2.143092008102176749e+02
2.134479845524085704e+02
2.125902291513424984e+02
2.117359206993286591e+02
2.108850453445661515e+02
2.100375892909159745e+02
2.091935387976823506e+02
2.083528801793866023e+02
2.075155998055460600e+02
2.066816841004531966e+02
2.058511195429552458e+02
2.050238926662352128e+02
2.041999900575943059e+02
2.033793983582309295e+02
2.025621042630294539e+02
2.017480945203407430e+02
2.009373559317684794e+02
2.001298753519549223e+02
1.993256396883678860e+02
1.985246359010892263e+02
1.977268510026001707e+02
1.969322720575756023e+02
1.961408861826711245e+02
1.953526805463149572e+02
1.945676423684998042e+02
1.937857589205757449e+02
1.930070175250446312e+02
1.922314055553513015e+02
1.914589104356836629e+02
1.906895196407655817e+02
1.899232206956546634e+02
1.891600011755398327e+02
1.883998487055400517e+02
1.876427509605035766e+02
1.868886956648088642e+02
1.861376705921625216e+02
1.853896635654056695e+02
1.846446624563133980e+02
1.839026551853989417e+02
1.831636297217176832e+02
1.824275740826722938e+02
1.816944763338190398e+02
1.809643245886712748e+02
1.802371070085113729e+02
1.795128118021956141e+02
1.787914272259637016e+02
1.780729415832485643e+02
1.773573432244865842e+02
1.766446205469293602e+02
1.759347619944528844e+02
1.752277560573742505e+02
1.745235912722623937e+02
1.738222562217528093e+02
1.731237395343624144e+02
1.724280298843052890e+02
1.717351159913095557e+02
1.710449866204318994e+02
1.703576305818794481e+02
1.696730367308255154e+02
1.689911939672298047e+02
1.683120912356581869e+02
1.676357175251035585e+02
1.669620618688074103e+02
1.662911133440824472e+02
1.656228610721329915e+02
1.649572942178825485e+02
1.642944019897955172e+02
1.636341736397026807e+02
1.629765984626272939e+02
1.623216657966110574e+02
1.616693650225423085e+02
1.610196855639809996e+02
1.603726168869911817e+02
1.597281484999676593e+02
1.590862699534663136e+02
1.584469708400350783e+02
1.578102407940447165e+02
1.571760694915217869e+02
1.565444466499784539e+02
1.559153620282496888e+02
1.552888054263246147e+02
1.546647666851819451e+02
1.540432356866249108e+02
1.534242023531176073e+02
1.528076566476212292e+02
1.521935885734322085e+02
1.515819881740176527e+02
1.509728455328573204e+02
1.503661507732807650e+02
1.497618940583075187e+02
1.491600655904877044e+02
1.485606556117432149e+02
1.479636544032100289e+02
1.473690522850781974e+02
1.467768396164386502e+02
1.461870067951242618e+02
1.455995442575550101e+02
1.450144424785826516e+02
1.444316919713364769e+02
1.438512832870699754e+02
1.432732070150052834e+02
1.426974537821842546e+02
1.421240142533139590e+02
1.415528791306159917e+02
1.409840391536757238e+02
1.404174850992921222e+02
1.398532077813287628e+02
1.392911980505627412e+02
1.387314467945394938e+02
1.381739449374230730e+02
1.376186834398492351e+02
1.370656532987791820e+02
1.365148455473534170e+02
1.359662512547462825e+02
1.354198615260219185e+02
1.348756675019877207e+02
1.343336603590539369e+02
1.337938313090885174e+02
1.332561715992751772e+02
1.327206725119712871e+02
1.321873253645667603e+02
1.316561215093437625e+02
1.311270523333341487e+02
1.306001092581833234e+02
1.300752837400087856e+02
1.295525672692622550e+02
1.290319513705916279e+02
1.285134276027035867e+02
1.279969875582272607e+02
1.274826228635758696e+02
1.269703251788138942e+02
1.264600861975200701e+02
1.259518976466528954e+02
1.254457512864167512e+02
1.249416389101282192e+02
1.244395523440828839e+02
1.239394834474235836e+02
1.234414241120061178e+02
1.229453662622710084e+02
1.224513018551104011e+02
1.219592228797382631e+02
1.214691213575604820e+02
1.209809893420453761e+02
1.204948189185955556e+02
1.200106022044174665e+02
1.195283313483965344e+02
1.190479985309679734e+02
1.185695959639904942e+02
1.180931158906198846e+02
1.176185505851834705e+02
1.171458923530550891e+02
1.166751335305286261e+02
1.162062664846964566e+02
1.157392836133238774e+02
1.152741773447262688e+02
1.148109401376463694e+02
1.143495644811319778e+02
1.138900428944146199e+02
1.134323679267863838e+02
1.129765321574820263e+02
1.125225281955565606e+02
1.120703486797661270e+02
1.116199862784485077e+02
1.111714336894042674e+02
1.107246836397783056e+02
1.102797288859425464e+02
1.098365622133764674e+02
1.093951764365530721e+02
1.089555643988203286e+02
1.085177189722857634e+02
1.080816330577008131e+02
1.076472995843457454e+02
1.072147115099154320e+02
1.067838618204034162e+02
1.063547435299907988e+02
1.059273496809313002e+02
1.055016733434387390e+02
1.050777076155748375e+02
1.046554456231371688e+02
1.042348805195482413e+02
1.038160054857426786e+02
1.033988137300592740e+02
1.029832984881291793e+02
1.025694530227666093e+02
1.021572706238596311e+02
1.017467446082613378e+02
1.013378683196815331e+02
1.009306351285791834e+02
1.005250384320532646e+02
1.001210716537382410e+02
9.971872824369572186e+01
9.931800167830868986e+01
9.891888546017572992e+01
9.852137311800568398e+01
9.812545820651313022e+01
9.773113430631225640e+01
9.733839502381519537e+01
9.694723399112672269e+01
