2.178996599129244203e+02
2.178996631127684225e+02
2.178996663429775253e+02
2.178996696035884781e+02
2.178996728962614498e+02
2.178996762199034549e+02
2.178996795752485980e+02
2.178996829628666774e+02
2.178996863832698523e+02
2.178996898368899053e+02
2.178996933240428007e+02
2.178996968451031648e+02
2.178997004004318967e+02
2.178997039904824078e+02
2.178997076157220931e+02
2.178997112765439681e+02
2.178997149734911716e+02
2.178997187066351842e+02
2.178997224768050387e+02
2.178997262843636520e+02
2.178997301296919602e+02
2.178997340133032310e+02
2.178997379356822819e+02
2.178997418973052618e+02
2.178997458986619904e+02
2.178997499402549636e+02
2.178997540225949479e+02
2.178997581461854054e+02
2.178997623115475335e+02
2.178997665192121360e+02
2.178997707697169801e+02
2.178997750636060573e+02
2.178997794014315730e+02
2.178997837837644340e+02
2.178997882111734725e+02
2.178997926842306185e+02
2.178997972035116391e+02
2.178998017695955411e+02
2.178998063830707395e+02
2.178998110445872669e+02
2.178998157547769665e+02
2.178998205142665654e+02
2.178998253236870539e+02
2.178998301836732026e+02
2.178998350947889548e+02
2.178998400579266956e+02
2.178998450736545180e+02
2.178998501426715109e+02
2.178998552656777861e+02
2.178998604433747062e+02
2.178998656764651116e+02
2.178998709656743813e+02
2.178998763117941166e+02
2.178998817155853374e+02
2.178998871778159412e+02
2.178998926992649388e+02
2.178998982807228799e+02
2.178999039229923369e+02
2.178999096268882454e+02
2.178999153932487332e+02
2.178999212229253715e+02
2.178999271167796508e+02
2.178999330756875281e+02
2.178999391005393704e+02
2.178999451922401818e+02
2.178999513517095181e+02
2.178999575798815727e+02
2.178999638777051473e+02
2.178999702461435675e+02
2.178999766861744547e+02
2.178999831987897267e+02
2.178999897849953413e+02
2.178999964458111265e+02
2.179000031822706092e+02
2.179000099954257621e+02
2.179000168863815645e+02
2.179000238562411482e+02
2.179000309061177916e+02
2.179000380371411154e+02
2.179000452504567136e+02
2.179000525472260392e+02
2.179000599286260638e+02
2.179000673958503569e+02
2.179000749501569203e+02
2.179000825928161191e+02
2.179000903250994554e+02
2.179000981482974737e+02
2.179001060637193916e+02
2.179001140726929577e+02
2.179001221765639968e+02
2.179001303766960973e+02
2.179001386744913304e+02
2.179001470714322011e+02
2.179001555689794429e+02
2.179001641686117807e+02
2.179001728718301081e+02
2.179001816801570044e+02
2.179001905951365643e+02
2.179001996183338576e+02
2.179002087513346169e+02
2.179002179957793999e+02
2.179002273533845653e+02
2.179002368258507261e+02
2.179002464149054958e+02
2.179002561223046541e+02
2.179002659498316632e+02
2.179002758992975828e+02
2.179002859725454471e+02
2.179002961714896003e+02
2.179003064980580575e+02
2.179003169542019407e+02
2.179003275419032377e+02
2.179003382631742909e+02
2.179003491200573706e+02
2.179003601146243341e+02
2.179003712490087139e+02
2.179003825254394826e+02
2.179003939461318851e+02
2.179004055133351869e+02
2.179004172293348063e+02
2.179004290964518020e+02
2.179004411170424476e+02
2.179004532934976908e+02
2.179004656282956773e+02
2.179004781240106468e+02
2.179004907832010645e+02
2.179005036084672611e+02
2.179005166024517166e+02
2.179005297678385205e+02
2.179005431073528314e+02
2.179005566237602807e+02
2.179005703199032666e+02
2.179005841987558938e+02
2.179005982632877476e+02
2.179006125165183221e+02
2.179006269615207145e+02
2.179006416014213983e+02
2.179006564394001089e+02
2.179006714787298051e+02
2.179006867227490432e+02
2.179007021748353168e+02
2.179007178384244128e+02
2.179007337170099561e+02
2.179007498141428414e+02
2.179007661334351269e+02
2.179007826786568671e+02
2.179007994536281672e+02
2.179008164622092352e+02
2.179008337083286051e+02
2.179008511959825682e+02
2.179008689292345480e+02
2.179008869122190220e+02
2.179009051492528499e+02
2.179009236447142541e+02
2.179009424030257946e+02
2.179009614286892713e+02
2.179009807262851837e+02
2.179010003004719636e+02
2.179010201559851510e+02
2.179010402977263254e+02
2.179010607307351677e+02
2.179010814600940478e+02
2.179011024909832486e+02
2.179011238286809373e+02
2.179011454785629951e+02
2.179011674461518453e+02
2.179011897370936310e+02
2.179012123571150426e+02
2.179012353120499483e+02
2.179012586078388836e+02
2.179012822505282543e+02
2.179013062463459391e+02
2.179013306017057232e+02
2.179013553230811340e+02
2.179013804170698450e+02
2.179014058903934767e+02
2.179014317498969717e+02
2.179014580025906014e+02
2.179014846557506928e+02
2.179015117167171525e+02
2.179015391929648899e+02
2.179015670921119181e+02
2.179015954219186426e+02
2.179016241902920115e+02
2.179016534054273677e+02
2.179016830756847583e+02
2.179017132095566751e+02
2.179017438157092670e+02
2.179017749029826518e+02
2.179018064804311905e+02
2.179018385573544663e+02
2.179018711431994859e+02
2.179019042476033405e+02
2.179019378803938025e+02
2.179019720512539777e+02
2.179020067650687906e+02
2.179020420269417002e+02
2.179020778421098896e+02
2.179021142148679075e+02
2.179021511484991152e+02
2.179021886493527518e+02
2.179022267353569475e+02
2.179022654191323340e+02
2.179023047142410405e+02
2.179023446358944227e+02
2.179023852010720930e+02
2.179024264238008470e+02
2.179024683138179057e+02
2.179025108843141254e+02
2.179025541481906885e+02
2.179025981179421763e+02
2.179026428086355622e+02
2.179026882370803548e+02
2.179027344189128144e+02
2.179027813702075491e+02
2.179028291074871220e+02
2.179028776475055338e+02
2.179029270073167766e+02
2.179029772044824824e+02
2.179030282569538883e+02
2.179030801830690507e+02
2.179031330017815264e+02
2.179031867327007319e+02
2.179032413957299923e+02
2.179032970112442058e+02
2.179033536000916058e+02
2.179034111837035539e+02
2.179034697842862442e+02
2.179035294244345380e+02
2.179035901272788180e+02
2.179036519164970116e+02
2.179037148163488382e+02
2.179037788519897560e+02
2.179038440491538609e+02
2.179039104341860877e+02
2.179039780340944219e+02
2.179040468766712593e+02
2.179041169904797641e+02
2.179041884047513520e+02
2.179042611494472510e+02
2.179043352553273110e+02
2.179044107542323445e+02
2.179044876787158671e+02
2.179045660621452782e+02
2.179046459387325001e+02
2.179047273437992658e+02
2.179048103137297971e+02
2.179048948857394521e+02
2.179049810980109498e+02
2.179050689897471216e+02
2.179051586016100543e+02
2.179052499752562255e+02
2.179053431533905041e+02
2.179054381798414113e+02
2.179055350997141716e+02
2.179056339597736951e+02
2.179057348079261374e+02
2.179058376934042371e+02
2.179059426669006996e+02
2.179060497807650165e+02
2.179061590887264401e+02
2.179062706460136667e+02
2.179063845095584782e+02
2.179065007383463239e+02
2.179066193928836412e+02
2.179067405354131779e+02
2.179068642301206182e+02
2.179069905436054455e+02
2.179071195442403734e+02
2.179072513024080422e+02
2.179073858906913301e+02
2.179075233845900357e+02
2.179076638617066237e+02
2.179078074019696487e+02
2.179079540877994248e+02
2.179081040051010234e+02
2.179082572424327111e+02
2.179084138910215529e+02
2.179085740449759498e+02
2.179087378021596066e+02
2.179089052642007118e+02
2.179090765359374302e+02
2.179092517259196029e+02
2.179094309470600592e+02
2.179096143161146983e+02
2.179098019538880067e+02
2.179099939861803250e+02
2.179101905440250846e+02
2.179103917629311411e+02
2.179105977835185399e+02
2.179108087530989053e+02
2.179110248245759465e+02
2.179112461565981960e+02
2.179114729145812248e+02
2.179117052723635766e+02
2.179119434102136950e+02
2.179121875157162549e+02
2.179124377859487254e+02
2.179126944278107487e+02
2.179129576563433375e+02
