1.458923519034951433e+00
1.458923149359685700e+00
1.458922748682134340e+00
1.458922314051374070e+00
1.458921842221657439e+00
1.458921329622318463e+00
1.458920772326626203e+00
1.458920166018065956e+00
1.458919505953575335e+00
1.458918786924794597e+00
1.458918003215739612e+00
1.458917148559461419e+00
1.458916216087302375e+00
1.458915198238256217e+00
1.458914086599883531e+00
1.458912871798823341e+00
1.458911543356981255e+00
1.458910089530057963e+00
1.458908497118104552e+00
1.458906751240905963e+00
1.458904835071807682e+00
1.458902729520987540e+00
1.458900412855300921e+00
1.458897860246895606e+00
1.458895043225053367e+00
1.458891929016254085e+00
1.458888479763559953e+00
1.458884651862809134e+00
1.458880395834674104e+00
1.458875655647668523e+00
1.458870368033567066e+00
1.458864461692995995e+00
1.458857856510486606e+00
1.458850462773779721e+00
1.458842180440226732e+00
1.458832898498600983e+00
1.458822494489928401e+00
1.458810834269461010e+00
1.458797771793973297e+00
1.458783145025875250e+00
1.458766765768176876e+00
1.458748412977632469e+00
1.458727823436975379e+00
1.458704680356248451e+00
1.458678598315075181e+00
1.458649103354813015e+00
1.458615606478053106e+00
1.458577367976761296e+00
1.458533450234796636e+00
1.458482680846032720e+00
1.458423667325855932e+00
1.458354782487338408e+00
1.458274155594079247e+00
1.458179677095537974e+00
1.458069029606128719e+00
1.457939755505619939e+00
1.457789372884446655e+00
1.457615543808251868e+00
1.457416103255047668e+00
1.457188663981095367e+00
1.456930376325756837e+00
1.456637666258860042e+00
1.456305923092905852e+00
1.455929080882580440e+00
1.455499065705347483e+00
1.455005060876681133e+00
1.454432908507639288e+00
1.453766021864086877e+00
1.452986310238148393e+00
1.452074990493465334e+00
1.451013860729088778e+00
1.449964521026779751e+00
1.448892516741806080e+00
1.447680707151760338e+00
1.446330790956089185e+00
1.444848479869236479e+00
1.443241362190864852e+00
1.441518117103565810e+00
1.439687907587266835e+00
1.438074083364021538e+00
1.436994867448259550e+00
1.435870984888894863e+00
1.434706368315546321e+00
1.433504628792691582e+00
1.432269134258349785e+00
1.431644235592360204e+00
1.364310283863229500e+00
1.363176332540684488e+00
1.362248268951457897e+00
1.361182527467086789e+00
1.358068021896354782e+00
1.352778790089650407e+00
1.348952124322511770e+00
1.347686526163843768e+00
1.346153224588587882e+00
1.344861449684499943e+00
1.343687638157689435e+00
1.342489540559239192e+00
1.341147664496605829e+00
1.339505103808656949e+00
1.337413154162849338e+00
1.334876017476879229e+00
1.332248399576726250e+00
1.331877273082594959e+00
1.332099231485556201e+00
1.332639742343663558e+00
1.331701649996153591e+00
1.330709172574369603e+00
1.330386971317119249e+00
1.330812096085610019e+00
1.331254295657535058e+00
1.331762644484003388e+00
1.331277574836978950e+00
1.330738618147554453e+00
1.331481741492475557e+00
1.332271219954755281e+00
1.333081474182261195e+00
1.333887237666125936e+00
1.334421828703928670e+00
1.334926093726575003e+00
1.335396389451289467e+00
1.335832195444751180e+00
1.335994812398660470e+00
1.335313857824860007e+00
1.335487574400534339e+00
1.335502848204054960e+00
1.335222341425687853e+00
1.331879973254976202e+00
1.328691262289914077e+00
1.324750575559079602e+00
1.320441371460153279e+00
1.315077157906183736e+00
