4.692442703421020710e-11
4.999172280916840464e-11
5.330687185818371471e-11
5.689311384218051577e-11
6.077613559167933958e-11
6.498436640462311733e-11
6.954929866756197715e-11
7.450585039532735231e-11
7.989277908039713767e-11
8.575314371915338322e-11
9.213484000039130654e-11
9.909119004266260827e-11
1.066816215247291162e-10
1.149724388276238554e-10
1.240376974000743051e-10
1.339601998844180347e-10
1.448326311750227120e-10
1.567588533292713795e-10
1.698553845476611551e-10
1.842530902852376959e-10
2.000991179290168211e-10
2.175591143948865266e-10
2.368197820093738236e-10
2.580917869896327530e-10
2.816131333074175805e-10
3.076530303453812222e-10
3.365163574767673391e-10
3.685488104804336417e-10
4.041428731961735957e-10
4.437446903359010543e-10
4.878620607306028131e-10
5.370736897772531702e-10
5.920399424309854853e-10
6.535153452151856372e-10
7.223631306200469983e-10
7.995722325669680553e-10
8.862770637921993828e-10
9.837806803359844467e-10
1.093581862502396586e-09
1.217406806019661170e-09
1.357246173071187964e-09
1.515398547611412493e-09
1.694521362977080634e-09
1.897690702178928259e-09
2.128471302267013986e-09
2.390998601564899246e-09
2.690074673605250897e-09
3.031280197824650194e-09
3.421104517803925200e-09
3.867097228922219935e-09
4.378046806940850607e-09
4.964187349559224383e-09
5.637439142969146424e-09
6.411687970126714214e-09
7.303110766102225216e-09
8.330556995185638127e-09
9.515998482689424392e-09
1.088506586918224876e-08
1.246766675919177492e-08
1.429863571117626311e-08
1.641846224114055596e-08
1.887406567889209800e-08
2.171957890671359807e-08
2.501705790865172212e-08
2.883698206035023685e-08
3.325831693879876356e-08
3.836793843296782271e-08
4.425984417578730569e-08
5.103374437741261924e-08
5.879282883582060061e-08
6.764104351105151908e-08
7.768034699237974041e-08
8.900864012921079070e-08
1.017191995128913070e-07
1.159017828760963727e-07
1.316412202812538338e-07
1.490141715848318057e-07
1.680871237100087825e-07
1.889143914747259240e-07
2.115360473292826363e-07
2.359758764044341399e-07
2.622394872938426012e-07
2.903127317319654973e-07
3.201605972436249112e-07
3.517271949596985193e-07
3.849403983586828967e-07
1.792556970721997643e-05
1.892475192608512421e-05
2.001019793496424260e-05
2.114703791336312888e-05
2.231108433179255661e-05
2.350103054680411762e-05
2.481170672568839438e-05
2.630185309393178082e-05
2.794750827925560039e-05
2.973924380593078777e-05
3.167568208018134809e-05
3.375796184127934823e-05
3.598658928439633518e-05
3.835718711792656668e-05
4.086019999034528016e-05
4.349524625200074747e-05
4.630729964903874534e-05
4.938180015704103540e-05
5.276446617391561660e-05
5.646829144478861321e-05
6.049794321215071110e-05
6.487053070493390425e-05
6.960852853814128785e-05
7.474249191495410704e-05
8.031553249324320390e-05
8.638535569157003620e-05
9.300701013155042354e-05
1.002447337823796910e-04
1.081684189788564496e-04
1.168340466234633499e-04
1.263072310062302397e-04
1.366589618040985553e-04
1.479629142980834141e-04
1.603138846510667923e-04
1.738135565877667722e-04
1.885759558968016982e-04
2.047223824432119286e-04
2.223688828022246558e-04
2.416272701703243270e-04
2.625177699587895232e-04
2.849362020536701386e-04
3.085911885123838582e-04
3.336382029208228650e-04
3.605752916043576000e-04
3.893328109428171213e-04
4.191855699037514479e-04
