1.750761762123637766e+00
1.750761762123638210e+00
1.750761762123637766e+00
1.750761762123637766e+00
1.750761762123637766e+00
1.750761762123637766e+00
1.750761762123637766e+00
1.750761762123637766e+00
1.750761762123637766e+00
1.750761762123637766e+00
1.750761762123637766e+00
1.750761762123637766e+00
1.750761762123637766e+00
1.750761762123637766e+00
1.750761762123637766e+00
1.750761762123637766e+00
1.750761762123637766e+00
1.750761762123637766e+00
1.750761762123637766e+00
1.750761762123637766e+00
1.750761762123637766e+00
1.750761762123637766e+00
1.750761762123637766e+00
1.750761762123637766e+00
1.750761762123637766e+00
1.750761762123637766e+00
1.750761762123637766e+00
1.750761762123637766e+00
1.750761762123637766e+00
1.750761762123637766e+00
1.750761762123637766e+00
1.750761762123637766e+00
1.750761762123637766e+00
1.750761762123637766e+00
1.750761762123637766e+00
1.750761762123637766e+00
1.750761762123637766e+00
1.750761762123637766e+00
1.750761762123637766e+00
1.750761762123637766e+00
1.750761762123637766e+00
1.750761762123637766e+00
1.750761762123637766e+00
1.750761762123637766e+00
1.750761762123637766e+00
1.750761762123637766e+00
1.750761762123637766e+00
1.750761762123637766e+00
1.750761762123637766e+00
1.750761762123637766e+00
1.750761762123637766e+00
1.750761762123637766e+00
1.750761762123637766e+00
1.750761762123637766e+00
1.750761762123637766e+00
1.750761762123637766e+00
1.750761762123637766e+00
1.750761762123637766e+00
1.750761762123637766e+00
1.750761762123637766e+00
1.750761762123637766e+00
1.750761762123637766e+00
1.750761762123637766e+00
1.750761762123637766e+00
1.750761762123637766e+00
1.750761762123637766e+00
1.750761762123637766e+00
1.750761762123637766e+00
1.750761762123637766e+00
1.750761762123637766e+00
1.750761762123637766e+00
1.750761762123637766e+00
1.750761762123637766e+00
1.750761762123637766e+00
1.750761762123637766e+00
1.750761762123637766e+00
1.750761762123637766e+00
1.750761762123637766e+00
1.750761762123637766e+00
1.750761762123637766e+00
1.750761762123637766e+00
1.750761762123637766e+00
1.750761762123637766e+00
1.750761762123637766e+00
1.750761762123637766e+00
1.750761762123637766e+00
1.749628444999530297e+00
1.749598570811970344e+00
1.749577672714077492e+00
1.749550822428759034e+00
1.749182393497476617e+00
1.748439062687344503e+00
1.747934327146360323e+00
1.747865671700151946e+00
1.747667377345033302e+00
1.747490164034142701e+00
1.747327345501010099e+00
1.747161091021947499e+00
1.746976327073032520e+00
1.746752931563305022e+00
1.746471783914962606e+00
1.746133212383673916e+00
1.745781904870045143e+00
1.745812050395023407e+00
1.745920809140310226e+00
1.746068162190963946e+00
1.745954919199063315e+00
1.745829809467412952e+00
1.745829312866501226e+00
1.745968871155944013e+00
1.746111210704808459e+00
1.746261694784375651e+00
1.746223770716478940e+00
1.746166341420709589e+00
1.746311283780759283e+00
1.746461600376248979e+00
1.746614720091971051e+00
1.746767912999121153e+00
1.746873318017541532e+00
1.746976205224392009e+00
1.747076211171482374e+00
1.747173284912387992e+00
1.747231087547922890e+00
1.747170018219830645e+00
1.747251264720187214e+00
1.747319888052541792e+00
1.747364348945919632e+00
1.746241267802649988e+00
1.745380141769500515e+00
1.744183487144888245e+00
1.742882657341669361e+00
1.741290092859503202e+00
