3.558623428839133851e-01
3.791254921775407682e-01
4.042686490176723990e-01
4.314681260680865993e-01
4.609188082291943434e-01
4.928363948308451814e-01
5.274598344295903241e-01
5.650540781892086084e-01
6.059132232148700670e-01
6.503640222509305957e-01
6.987699494568726521e-01
7.515356813372915390e-01
8.091122574563076597e-01
8.720029415289668462e-01
9.407698689081089860e-01
1.016041620726038319e+00
1.098521856535826124e+00
1.188999165134481562e+00
1.288358318824226911e+00
1.397593145948842430e+00
1.517821262672089944e+00
1.650300965796448249e+00
1.796450710918052529e+00
1.957871289992517916e+00
2.136371571382956080e+00
2.333998027536799302e+00
2.553068845020835198e+00
2.796213269313069905e+00
3.066417272938427363e+00
3.367076173331540634e+00
3.702055878935120781e+00
4.075763855201549823e+00
4.493231682144148920e+00
4.960211144337732136e+00
5.483286146990402621e+00
6.070003643081412825e+00
6.729026184755109163e+00
7.470310816350370864e+00
8.305318506067848716e+00
9.247260006774293828e+00
1.031138469335935071e+01
1.151532010768029934e+01
1.287947168353993277e+01
1.442749448282324920e+01
1.618684903323027768e+01
1.818945802567900927e+01
2.047248200194315970e+01
2.307923655236651328e+01
2.606027558077266093e+01
2.947467171769518401e+01
3.339153054975594870e+01
3.789178021994288770e+01
4.307028913623734212e+01
4.903836599857898193e+01
5.592671465294788646e+01
6.388892687270957538e+01
7.310561207063867073e+01
8.378929372122831865e+01
9.619021511994674256e+01
1.106031815242670291e+02
1.273755674624638914e+02
1.469166347421314072e+02
1.697082984780962249e+02
1.963173937280432426e+02
2.274093864972613801e+02
2.637632572230936034e+02
3.062869276074876552e+02
3.560327048500626574e+02
4.142123216405707353e+02
4.822104746386437455e+02
5.615958698346069013e+02
6.541291996134489182e+02
7.617681307914829176e+02
8.866705142564817379e+02
1.031197951497656277e+03
1.197919711238555465e+03
1.389612636961199314e+03
1.609257210241984012e+03
1.860030234599728828e+03
2.145293777827308986e+03
2.468580027025715935e+03
2.833571888585976467e+03
3.244079401391785723e+03
3.704012233185977948e+03
4.217349053420749442e+03
4.788107682893682977e+03
1.099421606253714301e+06
1.171967857109266100e+06
1.249710947389701381e+06
1.333051902897785883e+06
1.422293928729734849e+06
1.517673504079253180e+06
1.619624678616230143e+06
1.729005899862185586e+06
1.846734297276954167e+06
1.973680214840082917e+06
2.110726190282155760e+06
2.258787206167256460e+06
2.418816253534201998e+06
2.591793273748080712e+06
2.778696404442424886e+06
2.980504981464905664e+06
3.198325010867195204e+06
3.433645913010071497e+06
3.688360586219611112e+06
3.964564021017995197e+06
4.264465949352067895e+06
4.590410551317087375e+06
4.944929011123551987e+06
5.330793644082707353e+06
5.751064451669188216e+06
6.209197533256535418e+06
6.709095544296515174e+06
7.255128798336881213e+06
7.852225834956609644e+06
8.505853413553653285e+06
9.222037512833220884e+06
1.000743071044497564e+07
1.086936704439372197e+07
1.181596334187921882e+07
1.285624547729127854e+07
1.400025050359451026e+07
1.525914349492735602e+07
1.664526357428245060e+07
1.817218104862687737e+07
1.985442582373837009e+07
2.170681194801361859e+07
2.374324138015794754e+07
2.597722558889411017e+07
2.842550498545341939e+07
3.110735470699195191e+07
3.403962217077928036e+07
