9.694723399112672269e+01
9.560396728565034152e+01
9.427931241021585151e+01
9.297301148586512909e+01
9.168481020672152226e+01
9.041445779047943176e+01
8.916170692958601762e+01
8.792631374309321757e+01
8.670803772918293362e+01
8.550664171834401373e+01
8.432189182720392751e+01
8.315355741299428871e+01
8.200141102865299558e+01
8.086522837854295176e+01
7.974478827478964149e+01
7.863987259421853082e+01
7.755026623589417056e+01
7.647575707924258381e+01
7.541613594275897015e+01
7.437119654328249396e+01
7.334073545584033127e+01
7.232455207404315445e+01
7.132244857103427194e+01
7.033422986097500029e+01
6.935970356106845713e+01
6.839867995410483559e+01
6.745097195153026348e+01
6.651639505702280530e+01
6.559476733057763909e+01
6.468590935308543521e+01
6.378964419140589825e+01
6.290579736392088961e+01
6.203419680656913471e+01
6.117467283934730204e+01
6.032705813327939381e+01
5.949118767783977546e+01
5.866689874883141442e+01
5.785403087670547251e+01
5.705242581532358770e+01
5.626192751114914614e+01
5.548238207286928514e+01
5.471363774143400605e+01
5.395554486051414500e+01
5.320795584736496409e+01
5.247072516409713216e+01
5.174370928934213509e+01
5.102676669031382062e+01
5.031975779525358661e+01
4.962254496626076872e+01
4.893499247249610562e+01
4.825696646375983079e+01
4.758833494443258161e+01
4.692896774778054692e+01
4.627873651061352689e+01
4.563751464829721272e+01
4.500517733010862287e+01
4.438160145493602471e+01
4.376666562731254828e+01
4.316025013378487785e+01
4.256223691960638433e+01
4.197250956575610559e+01
4.139095326627332128e+01
4.081745480590890907e+01
4.025190253808366236e+01
3.969418636315469939e+01
3.914419770698032153e+01
3.860182949978452882e+01
3.806697615531175671e+01
3.753953355027302052e+01
3.701939900407428041e+01
3.650647125882827027e+01
3.600065045964070265e+01
3.550183813517208620e+01
3.500993717846655784e+01
3.452485182804855413e+01
3.404648764927920723e+01
3.357475151597328988e+01
3.310955159226862321e+01
3.265079731474888547e+01
3.219839937481203407e+01
3.175226970128505144e+01
3.131232144327751854e+01
3.087846895327488994e+01
3.045062777046384994e+01
3.002871460429087946e+01
2.961264731824649488e+01
1.179097448949215909e+01
1.162760290265243768e+01
1.146649493494019012e+01
1.130761922244668405e+01
1.115094483583026808e+01
1.099644127429552931e+01
1.084407845965514383e+01
1.069382673047473276e+01
1.054565683629812156e+01
1.039953993195331350e+01
1.025544757193668843e+01
1.011335170487565804e+01
9.973224668067405929e+00
9.835039182093938237e+00
9.698768345511100009e+00
9.564385629611827255e+00
9.431864873261309512e+00
9.301180277804355967e+00
9.172306402042698537e+00
9.045218157282500115e+00
8.919890802449863543e+00
8.796299939274648594e+00
8.674421507540397869e+00
8.554231780400675333e+00
8.435707359759728519e+00
8.318825171717710631e+00
8.203562462078460626e+00
8.089896791920075714e+00
7.977806033226316096e+00
7.867268364579063089e+00
7.758262266909951244e+00
7.650766519311365421e+00
7.544760194904982953e+00
7.440222656768058940e+00
7.337133553915648143e+00
7.235472817339005935e+00
7.135220656098379521e+00
7.036357553470415915e+00
6.938864263148492917e+00
6.842721805496136511e+00
6.747911463851919756e+00
6.654414780885987035e+00
6.562213555006634280e+00
6.471289836817100571e+00
6.381625925621036366e+00
6.293204365976807324e+00
