2.179129576563433375e+02
2.179138749988241557e+02
2.179148692778014436e+02
2.179159478172135209e+02
2.179171186728780754e+02
2.179183907072327600e+02
2.179197736666911283e+02
2.179212782654052489e+02
2.179229162765975616e+02
2.179247006288365469e+02
2.179266455112243079e+02
2.179287664811243701e+02
2.179310805902934476e+02
2.179336066100698588e+02
2.179363654264887202e+02
2.179393803123820419e+02
2.179426772847679672e+02
2.179462855061763378e+02
2.179502377555579073e+02
2.179545709866732466e+02
2.179593269898694246e+02
2.179645531796445823e+02
2.179703035400601152e+02
2.179766397474709265e+02
2.179836325341701411e+02
2.179913633304151972e+02
2.179999262072266788e+02
2.180094295307596610e+02
2.180199962880757596e+02
2.180317657780489924e+02
2.180448953238670526e+02
2.180595622616913829e+02
2.180759659101164800e+02
2.180943295343762998e+02
2.181149022000020636e+02
2.181379603972185066e+02
2.181638092794168529e+02
2.181927833130198451e+02
2.182252468764119726e+02
2.182616045260499220e+02
2.183023263813449546e+02
2.183479649159665144e+02
2.183991783801434963e+02
2.184567594666663410e+02
2.185216732132714696e+02
2.185951071713889746e+02
2.186785382802399056e+02
2.187738230265016171e+02
2.188833170047124668e+02
2.190099697557213005e+02
2.191572920720029174e+02
2.193293977630517588e+02
2.195310328183050501e+02
2.197675728405232292e+02
2.200449572617228000e+02
2.203695340587848932e+02
2.207477844464887937e+02
2.211859151779929391e+02
2.216897993096481230e+02
2.222659919169900604e+02
2.229223708657862630e+02
2.236688526115042066e+02
2.245182653517163658e+02
2.254875386236438146e+02
2.265993080227850101e+02
2.278841026902229601e+02
2.293823495560142760e+02
2.311426101176159591e+02
2.332198865871373812e+02
2.356743310517926204e+02
2.385687781367232958e+02
2.419649046603235263e+02
2.459181786714916882e+02
2.504720859795010597e+02
2.556536072691048957e+02
2.614783956785555006e+02
2.679576634240934254e+02
2.751002708693597469e+02
2.829143393668779822e+02
2.914086158628060161e+02
3.005935123990049078e+02
3.104818004503596285e+02
3.210889744578671525e+02
3.324333077532983225e+02
3.445351999191155983e+02
3.574130598626792334e+02
1.761677810703494515e+03
1.778730818787015323e+03
1.793798907906641489e+03
1.810518670558879876e+03
1.830737197808243764e+03
1.854209763858691304e+03
1.873977817424280147e+03
1.887165164065213276e+03
1.896908514139239287e+03
1.905112367820950340e+03
1.912802693272335773e+03
1.920673536442156092e+03
1.929321828872348078e+03
1.939425502762567930e+03
1.951741535104947161e+03
1.966458976662727991e+03
1.981816840596184647e+03
1.995145765699288631e+03
2.005778509082200117e+03
2.014613896097504039e+03
2.022588719949995948e+03
2.030340734044129022e+03
2.038265420415645394e+03
2.046467245530584023e+03
2.054692825416678716e+03
2.062587011192053978e+03
2.069944280002266623e+03
2.076756341997172512e+03
2.083148789559049874e+03
2.089311395628953505e+03
2.095465398615440336e+03
2.101809869939873806e+03
2.108480892023913384e+03
2.115559884948861509e+03
2.123080817106074846e+03
2.131051008372983688e+03
2.139504793210672688e+03
2.148605682540587622e+03
2.158800521074349035e+03
2.171001277989102618e+03
2.186841945310658502e+03
2.208124467731313871e+03
2.233843314486107829e+03
2.261048019551023117e+03
2.290808797451903047e+03
2.327229549140585277e+03
