1.431147229164008161e+00
1.430660370899537792e+00
1.430184868762323536e+00
1.429720069978397401e+00
1.429510738227009581e+00
1.429399315552034144e+00
1.429290051008270446e+00
1.429182834985033734e+00
1.429077565840335851e+00
1.428976002100270204e+00
1.428908230522575096e+00
1.428841573770264217e+00
1.428775981577416143e+00
1.428711406659585625e+00
1.428647804708423230e+00
1.428585134238310905e+00
1.428403206019951854e+00
1.428190102901309100e+00
1.427979965888486191e+00
1.427772675973816519e+00
1.427568120935337248e+00
1.427366194834699398e+00
1.427166797555468269e+00
1.426695885277185827e+00
1.426196080322841064e+00
1.425702522944344741e+00
1.425214984813386154e+00
1.424733249455269579e+00
1.424257111471944892e+00
1.423786375789779068e+00
1.423154253302566952e+00
1.422234409174590208e+00
1.421325553091047134e+00
1.420427309799396909e+00
1.419539322375014345e+00
1.418661251072280916e+00
1.417792772241031063e+00
1.416933577328337357e+00
1.415993806341235395e+00
1.414639515213261811e+00
1.413300909718335330e+00
1.411977488942199210e+00
1.410668774842582129e+00
1.409374311112665090e+00
1.408093661876093083e+00
1.406826410494907975e+00
1.405572158488077372e+00
1.404193658693498659e+00
1.402500146926909164e+00
1.400825592705049027e+00
1.399169031711084532e+00
1.397530098709840685e+00
1.395908321214025083e+00
1.394336556448858122e+00
1.392795512152414927e+00
1.391269722047451474e+00
1.389758770485906458e+00
1.386851149748451251e+00
1.383319190874800597e+00
1.379840656008233912e+00
1.376413817553824304e+00
1.373477816094238912e+00
1.371118809411766781e+00
1.368793201082735500e+00
1.366437225673625688e+00
