4.198423600923285672e-07
4.569562196249792692e-07
4.964427911358511973e-07
5.384126193924178040e-07
5.829777399208253992e-07
6.302483495977605364e-07
6.803451503485888490e-07
7.333938407808951700e-07
7.895248447007639501e-07
8.488734486054829381e-07
9.115794421712280824e-07
9.777872741213310977e-07
1.047647819138673551e-06
1.121317479144481108e-06
1.198958476073238083e-06
1.280739096597427606e-06
1.366836852030454267e-06
1.457440189475242027e-06
1.552739402018942589e-06
1.652931589968405793e-06
1.758221308575072648e-06
1.868820784173937170e-06
1.984950239005667567e-06
2.106848990182341985e-06
2.234774020980363944e-06
2.368977486763974552e-06
2.509721031117413203e-06
2.657276575200669939e-06
2.811926472017380290e-06
2.973964019199271122e-06
3.143697432840052200e-06
3.321488366615487413e-06
3.507687893513820686e-06
3.702649891179540234e-06
3.906742651205137863e-06
4.120349339301014020e-06
4.343868624469353381e-06
4.577715358709130307e-06
4.822322812988810733e-06
5.078202275756575577e-06
5.345868334710618757e-06
5.625826237822372198e-06
5.918602884385362985e-06
6.224747466826455033e-06
6.544832562431419885e-06
6.879455183514264729e-06
7.229237584385078256e-06
7.594835256093415553e-06
7.977036787633901417e-06
8.376597722226009117e-06
8.794238536271909053e-06
9.230766735951711740e-06
9.687014513839568242e-06
1.016384734278853600e-05
1.066216945201918265e-05
1.118292531094994641e-05
1.172710156263531905e-05
1.229550463027150065e-05
1.288989883333439287e-05
1.351174078417563427e-05
1.416233789527245561e-05
1.484306308218187824e-05
1.555535941152829912e-05
1.630074259980668591e-05
1.708080781493565353e-05
