1.750761762123637766e+00
1.750761762123637766e+00
1.750761762123637766e+00
1.750761762123637766e+00
1.750761762123637766e+00
1.750761762123638210e+00
1.750761762123637766e+00
1.750761762123637766e+00
1.750761762123637766e+00
1.750761762123637766e+00
1.750761762123637766e+00
1.750761762123637766e+00
1.750761762123637766e+00
1.750761762123637766e+00
1.750761762123637766e+00
1.750761762123637766e+00
1.750761762123637766e+00
1.750761762123637766e+00
1.750761762123637766e+00
1.750761762123637766e+00
1.750761762123637766e+00
1.750761762123637766e+00
1.750761762123637766e+00
1.750761761798000249e+00
1.750761761434789232e+00
1.750761761075868117e+00
1.750761760721080140e+00
1.750761760398990008e+00
1.750761760219175178e+00
1.750761760041357196e+00
1.750761743885678623e+00
1.750761716796640055e+00
1.750761691649825424e+00
1.750761666779603987e+00
1.750761639795973545e+00
1.750761612984594651e+00
1.750761586433553507e+00
1.750761563427870371e+00
1.750761430535957786e+00
1.750760756811176266e+00
1.750760089637890538e+00
1.750759428806134999e+00
1.750758774115278804e+00
1.750758125227094952e+00
1.750757480800159138e+00
1.750757131893463603e+00
1.750757058490534090e+00
1.750753126418125305e+00
1.750739909400451211e+00
1.750726810103122588e+00
1.750713684105100310e+00
1.750700513328123042e+00
1.750687450253237909e+00
1.750679109110502729e+00
1.750672905250942657e+00
1.750666760067990380e+00
1.750660672055176503e+00
1.750546189436465339e+00
1.750381083108477176e+00
1.750217681006561943e+00
1.750055932087922095e+00
1.749932902604138807e+00
1.749856409911965560e+00
1.749780926691999028e+00
1.749701237188360015e+00
