5.420360979689400665e+03
6.118835541175430990e+03
6.889001641089098484e+03
7.736711871476719352e+03
8.668211356496758526e+03
9.690149400157417404e+03
1.080960537759755607e+04
1.203411980744555513e+04
1.337172041830820308e+04
1.483095060980313974e+04
1.642089785962408496e+04
1.815122467141169545e+04
2.003220075968224410e+04
2.207473886427087928e+04
2.429043093874429542e+04
2.669158613612750560e+04
2.929127335829810181e+04
3.210337414813378928e+04
3.514262537549030822e+04
3.842466138894528558e+04
4.196606550981393957e+04
4.578442183416383341e+04
4.989837218100035534e+04
5.432767978164344822e+04
5.909333028829556133e+04
6.421757998138912808e+04
6.972401203923358116e+04
7.563761742777533073e+04
8.198486722730851034e+04
8.879379867843097600e+04
9.609410274474290782e+04
1.039172716630860086e+05
1.122967399955338769e+05
1.212679267756502086e+05
1.308683474560097238e+05
1.411377289778766281e+05
1.521181360948054935e+05
1.638541057354491786e+05
1.763927810848722293e+05
1.897841379633654433e+05
2.040812548392464523e+05
2.193403686432477261e+05
2.356210462142454635e+05
2.529863649144758820e+05
2.715031206503484864e+05
2.912420445931847789e+05
3.122780199333133642e+05
3.346903441755555104e+05
3.585631257287418121e+05
3.839857229468440055e+05
4.110527293482568348e+05
4.398643122230047011e+05
4.705266180411334499e+05
5.031520793115365086e+05
5.378598036056286655e+05
5.747759508739132434e+05
6.140341542087962152e+05
6.557756412037055707e+05
7.001504040292913560e+05
7.473197543668873841e+05
7.974550923757419223e+05
8.507383981392566347e+05
9.073629688751205103e+05
9.675340662016466958e+05
1.031469719376244466e+06
