2.920234491387624232e+01
2.879772751501121419e+01
2.839871635221902579e+01
2.800523374746831706e+01
2.761720309900761450e+01
2.723454886645186335e+01
2.685719655607740108e+01
2.648507270631891330e+01
2.611810487346906839e+01
2.575622161757459239e+01
2.539935248852943772e+01
2.504742801235898497e+01
2.470037967769593124e+01
2.435813992244192860e+01
2.402064212061565129e+01
2.368782056938149339e+01
2.335961047625956866e+01
2.303594794651137434e+01
2.271676997070177251e+01
2.240201441243175751e+01
2.209161999624275907e+01
2.178552629568698862e+01
2.148367372156457833e+01
2.118600351032226570e+01
2.089245771261421325e+01
2.060297918201995770e+01
2.031751156392002855e+01
2.003599928452436885e+01
1.975838754005410536e+01
1.948462228607188251e+01
1.921465022696132863e+01
1.894841880555105362e+01
1.868587619288360457e+01
1.842697127812500213e+01
1.817165365861525572e+01
1.791987363005558720e+01
1.767158217683274302e+01
1.742673096247625253e+01
1.718527232024902318e+01
1.694715924386719408e+01
1.671234537834968137e+01
1.648078501099340443e+01
1.625243306247466535e+01
1.602724507807270982e+01
1.580517721901599515e+01
1.558618625394728596e+01
1.537022955050805351e+01
1.515726506703844478e+01
1.494725134439328507e+01
1.474014749787045453e+01
1.453591320925209551e+01
1.433450871895512968e+01
1.413589481829148831e+01
1.394003284183462732e+01
1.374688465989275876e+01
1.355641267108543957e+01
1.336857979502391736e+01
1.318334946509202510e+01
1.300068562132796046e+01
1.282055270340381981e+01
1.264291564370328835e+01
1.246773986049437077e+01
1.229499125119757075e+01
1.212463618574651036e+01
1.195664150004135529e+01
