3.709727039152679708e+02
3.847637844769716366e+02
3.987374981024578915e+02
4.128964918083240718e+02
4.272455223815160252e+02
4.417929241691792299e+02
4.565417994206947014e+02
4.714949793039176598e+02
4.866553327262078028e+02
5.020258022702101925e+02
5.176096652629952359e+02
5.334104894395871952e+02
5.494312418581934025e+02
5.656749963674715218e+02
5.821448736612677521e+02
5.988440172063277487e+02
6.157743186128876687e+02
6.329362054992481035e+02
6.503327560848439362e+02
6.679672491698363501e+02
6.858430074170861417e+02
7.039633977683981811e+02
7.223318323569039876e+02
7.409480327018904973e+02
7.598097319286332549e+02
7.789202629789367620e+02
7.982830706373878229e+02
8.179016439301851733e+02
8.377795157550417571e+02
8.579202641715081654e+02
8.783265192734843367e+02
8.989902884218149666e+02
9.199118322044442948e+02
9.410946491339466320e+02
9.625422785666700065e+02
9.842583010214639216e+02
1.006246339093509732e+03
1.028510058325181717e+03
1.051052787313725275e+03
1.073865563622043283e+03
1.096945012342744576e+03
1.120294631595792907e+03
1.143917959800301560e+03
1.167818572231401504e+03
1.192000082122646063e+03
1.216466141428768424e+03
1.241220441079583225e+03
1.266265648359620627e+03
1.291588085782949292e+03
1.317186945126238470e+03
1.343071999270959850e+03
1.369244329881452359e+03
1.395706967009677101e+03
1.422463522785852092e+03
1.449517652141227018e+03
1.476873045608289431e+03
1.504533430176567435e+03
1.532482184665442219e+03
1.560660949008220541e+03
1.589067339939151452e+03
1.617703913866851281e+03
1.646573226153370342e+03
1.675677833025564723e+03
1.705020290391145863e+03
1.734602933743686890e+03
